0.00000000,1.41421356,13.00000000,16.00000000,18.23606798,17.41421356,21.09901951,21.58703314,22.36067977,22.13594362,17.69180601,20.80865205,23.80865205,23.61552813,20.61552813,12.04159458,15.04159458,20.14061409,49.51973332,48.14130259,47.16990566,46.62287805,45.88027899,44.04159458,32.45580814,31.04159458,28.04159458,27.04159458,24.04159458,23.10385233,30.87069808,34.53983208,37.17089227,32.75667871,35.75667871,40.61552813,43.24294513,46.24294513,46.43606905,43.43606905,53.00000000,55.21795312,63.24294513,55.00000000,52.69724851,50.77400910,52.15361924,49.30962407,47.75981575,46.65124496,36.12099032,33.12099032,31.38470965,37.53520388,35.11409973,25.13594362,24.33105012,24.00000000,27.00000000,28.41421356,29.00000000,32.00000000,33.41421356,45.00000000
1.41421356,0.00000000,12.04159458,15.04159458,17.27766256,16.45580814,20.14061409,20.88061302,21.58703314,21.54065923,17.69180601,20.61552813,23.61552813,23.80865205,20.80865205,13.00000000,16.00000000,21.09901951,49.88404493,48.64516502,47.75981575,47.19714570,46.57252409,45.00000000,33.41421356,32.00000000,29.00000000,28.00000000,25.00000000,24.06225775,31.38470965,35.11409973,37.53520388,33.12099032,36.12099032,40.61552813,43.43606905,46.43606905,46.24294513,43.24294513,52.69724851,55.00000000,63.24294513,55.21795312,53.00000000,51.10772936,52.47856705,49.67393568,47.17267047,46.00940964,35.75667871,32.75667871,30.87069808,37.17089227,34.53983208,24.54065923,23.53720459,23.04159458,26.04159458,27.45580814,28.04159458,31.04159458,32.45580814,44.04159458
13.00000000,12.04159458,0.00000000,3.00000000,5.23606798,4.41421356,8.09901951,9.43398113,9.84885780,10.63014581,12.00000000,12.64911064,15.64911064,17.06332420,16.00000000,16.97056275,19.20937271,23.85372088,45.03738012,43.90610986,44.64911064,43.66523548,44.00000000,45.60701700,34.65575384,33.24154028,30.46309242,29.54657341,26.83281573,26.41968963,28.00000000,32.00000000,33.06332420,28.64911064,31.64911064,32.24903099,35.77708764,38.77708764,37.40930107,34.40930107,42.62741700,45.25483400,54.40588203,48.33218389,46.81879964,45.22210559,46.48655720,44.42960780,35.89147315,34.17690496,25.62741700,22.62741700,20.06412694,26.63014581,23.63014581,13.63014581,11.70469991,11.00000000,14.00000000,15.41421356,16.00000000,19.00000000,20.41421356,32.00000000
16.00000000,15.04159458,3.00000000,0.00000000,2.23606798,1.41421356,5.09901951,7.07106781,7.21110255,8.60232527,12.36931688,12.04159458,15.04159458,16.45580814,16.36931688,19.20937271,21.21320344,25.61249695,44.40720662,43.28972164,44.04159458,43.05771942,44.36931688,46.48655720,35.85256428,34.43835072,31.76476035,30.88689042,28.30194340,28.01785145,28.36931688,32.36931688,32.45580814,28.04159458,31.04159458,30.87069808,34.53983208,37.17089227,35.75667871,32.75667871,40.64391985,43.27133685,52.69724851,47.16990566,45.88027899,44.38468204,45.60701700,43.73785546,33.13104515,31.38470965,23.64391985,20.64391985,18.03630640,23.98586649,20.98586649,11.60232527,8.94427191,8.00000000,11.00000000,12.41421356,13.00000000,16.00000000,17.41421356,29.00000000
18.23606798,17.27766256,5.23606798,2.23606798,0.00000000,1.00000000,3.00000000,6.70820393,6.40312424,8.54400375,13.92838828,13.03840481,16.03121954,17.44543310,17.92838828,21.40093456,23.34523506,27.65863337,45.17742799,44.10215414,45.01110974,44.00000000,45.61709170,48.10440326,37.64955542,36.23534186,33.61547263,32.75667871,30.23243292,30.00000000,29.63269005,33.63269005,33.42983475,29.01723626,32.01562119,31.01620880,34.78505426,37.14499055,35.73077699,32.73077699,39.85184426,43.17565184,52.64615789,47.43416490,46.32493929,44.91102315,46.09772229,44.40720662,31.90611227,29.96664813,23.58559833,20.58559833,17.24423081,22.85184426,19.85184426,10.81024968,7.81024968,6.08276253,9.08276253,10.49697609,11.08276253,14.08276253,15.49697609,27.08276253
17.41421356,16.45580814,4.41421356,1.41421356,1.00000000,0.00000000,4.00000000,7.21110255,7.07106781,8.94427191,13.60147051,13.00000000,16.00000000,17.41421356,17.60147051,20.62358627,22.62741700,27.01851217,45.27692569,44.18144407,45.00000000,44.01136217,45.60147051,47.75981575,37.19130120,35.77708764,33.12099032,32.24903099,29.68164416,29.41088234,29.60147051,33.60147051,33.41421356,29.00000000,32.00000000,31.38470965,35.11409973,37.54525871,36.13104515,33.13104515,40.64391985,43.61328349,53.04642605,47.75981575,46.57252409,45.12205669,46.32493929,44.55333882,32.75667871,30.87069808,23.98586649,20.98586649,18.03630640,23.64391985,20.64391985,11.60232527,8.60232527,7.07106781,10.07106781,11.48528137,12.07106781,15.07106781,16.48528137,28.07106781
21.09901951,20.14061409,8.09901951,5.09901951,3.00000000,4.00000000,0.00000000,6.00000000,5.09901951,8.00000000,15.26433752,13.60147051,16.49242250,17.90663606,19.26433752,23.85372088,25.61249695,29.69848481,45.01351105,44.00000000,45.17742799,44.10215414,45.85050150,49.44035250,39.15013809,37.73592453,35.22782991,34.40930107,32.01562119,31.89043744,30.09389301,34.09389301,33.66324455,29.27456234,32.24903099,30.34625323,34.24880950,35.87717669,34.46296313,31.46296313,37.69180601,41.01561359,51.07998288,46.89792014,45.85498646,44.49657518,45.65634077,44.12478374,29.41088234,27.29468813,21.83095189,18.83095189,15.26433752,20.69180601,17.69180601,8.83095189,5.83095189,3.16227766,6.16227766,7.57649122,8.16227766,11.16227766,12.57649122,24.16227766
21.58703314,20.88061302,9.43398113,7.07106781,6.70820393,7.21110255,6.00000000,0.00000000,1.41421356,2.00000000,10.63014581,8.06225775,10.77032961,12.18454317,14.63014581,21.18962010,22.36067977,25.80697580,39.01351105,38.00000000,39.20459157,38.11823711,39.90736339,43.89131993,34.51656442,33.10235086,30.63014581,29.83951852,27.60070856,27.65863337,24.35159132,28.35159132,27.72010644,23.34523506,26.30589288,24.47220505,28.24880950,30.60098680,29.18677324,26.18677324,34.04159458,36.66901158,46.10215414,40.89792014,39.85498646,38.49657518,39.65634077,38.12478374,27.60098680,25.88641861,17.04159458,14.04159458,11.43398113,18.00000000,15.00000000,5.00000000,3.41421356,5.83095189,7.81733780,9.23155136,9.47647131,12.18454317,13.59875673,24.75944862
22.36067977,21.58703314,9.84885780,7.21110255,6.40312424,7.07106781,5.09901951,1.41421356,0.00000000,3.41421356,12.04159458,9.47647131,12.18454317,13.59875673,16.04159458,22.47220505,23.70653918,27.20294102,40.42772461,39.41421356,40.61880513,39.53245067,41.32157695,45.30553349,35.92801319,34.51379963,32.04159458,31.25096729,29.01215733,29.06888371,25.76580488,29.76580488,29.13432000,24.75944862,27.72010644,25.88641861,29.66302306,32.01520036,30.60098680,27.60098680,34.04159458,37.36540216,47.24903099,42.31213370,41.26920002,39.91078874,41.07055433,39.53899730,26.18677324,24.47220505,18.00000000,15.00000000,11.43398113,17.04159458,14.04159458,5.00000000,2.00000000,4.47213595,6.40312424,7.81733780,8.06225775,10.77032961,12.18454317,23.34523506
22.13594362,21.54065923,10.63014581,8.60232527,8.54400375,8.94427191,8.00000000,2.00000000,3.41421356,0.00000000,9.43398113,6.40312424,8.94427191,10.35848547,13.35848547,20.61552813,21.54065923,24.69817807,37.01351105,36.00000000,37.21558813,36.12478374,37.93252063,42.06526223,32.98590247,31.57168891,29.43398113,28.64335384,26.40454388,26.46336750,22.47220505,26.47220505,25.74526368,21.37755833,24.33105012,22.47220505,26.24880950,28.60098680,27.18677324,24.18677324,32.04159458,34.66901158,44.10215414,38.89792014,37.85498646,36.49657518,37.65634077,36.12478374,25.63201124,24.51530134,15.04159458,12.04159458,9.43398113,16.00000000,13.00000000,3.00000000,5.41421356,7.83095189,9.81733780,11.23155136,11.47647131,13.63014581,15.04435937,25.13594362
17.69180601,17.69180601,12.00000000,12.36931688,13.92838828,13.60147051,15.26433752,10.63014581,12.04159458,9.43398113,0.00000000,4.00000000,7.00000000,7.00000000,4.00000000,12.00000000,12.36931688,15.26433752,33.41216525,32.17328534,32.64911064,31.68240702,32.00000000,34.17601498,23.88641861,22.47220505,20.00000000,19.20937271,16.97056275,17.02938637,16.00000000,20.00000000,21.06332420,16.64911064,19.64911064,24.00000000,26.62741700,29.62741700,29.62741700,26.62741700,36.24903099,38.40930107,46.62741700,38.40930107,36.24903099,34.41381265,35.76476035,33.15475947,32.64911064,32.00000000,19.64911064,16.64911064,16.00000000,21.06332420,20.00000000,12.08304597,14.04159458,16.27882060,18.44471882,19.85893238,20.10385233,22.71319178,24.12740534,34.17601498
20.80865205,20.61552813,12.64911064,12.04159458,13.03840481,13.00000000,13.60147051,8.06225775,9.47647131,6.40312424,4.00000000,0.00000000,3.00000000,4.41421356,7.41421356,16.00000000,16.36931688,19.26433752,32.38826948,31.25699922,32.00000000,31.01612484,32.60147051,36.12099032,27.04163056,25.62741700,23.62358627,23.01528880,20.97056275,21.02938637,16.60147051,20.60147051,20.41421356,16.00000000,19.00000000,20.00000000,23.32380758,26.32380758,25.62741700,22.62741700,32.24903099,34.40930107,42.62741700,35.77708764,34.17601498,32.57299495,33.83784863,31.78049716,28.64911064,28.00000000,15.64911064,12.64911064,12.00000000,17.06332420,16.00000000,8.60232527,11.47647131,13.89320964,15.87959555,17.29380911,17.20465054,19.23247108,20.64668464,30.46309242
23.80865205,23.61552813,15.64911064,15.04159458,16.03121954,16.00000000,16.49242250,10.77032961,12.18454317,8.94427191,7.00000000,3.00000000,0.00000000,1.41421356,4.41421356,17.06332420,16.45580814,17.90663606,29.42787794,28.28427125,29.00000000,28.01785145,29.60147051,33.12099032,24.04163056,22.62741700,20.62358627,20.01528880,18.41421356,18.87846276,13.60147051,17.60147051,17.41421356,13.00000000,16.00000000,17.69180601,20.80865205,23.80865205,23.61552813,20.61552813,30.87069808,32.75667871,40.61552813,33.12099032,31.38470965,29.73213749,31.01612484,28.86173938,28.04159458,28.36931688,15.04159458,12.04159458,12.36931688,16.45580814,16.36931688,10.63014581,13.63014581,16.60128150,18.24591892,19.57441772,19.23247108,21.21320344,22.62741700,31.76476035
23.61552813,23.80865205,17.06332420,16.45580814,17.44543310,17.41421356,17.90663606,12.18454317,13.59875673,10.35848547,7.00000000,4.41421356,1.41421356,0.00000000,3.00000000,15.64911064,15.04159458,16.49242250,28.63564213,27.45906044,28.04159458,27.07489096,28.36931688,31.76476035,22.62741700,21.21320344,19.20937271,18.60107524,17.00000000,17.46424920,12.36931688,16.36931688,16.45580814,12.04159458,15.04159458,17.69180601,20.61552813,23.61552813,23.80865205,20.80865205,31.38470965,33.12099032,40.61552813,32.75667871,30.87069808,29.15475947,30.46309242,28.16025568,29.00000000,29.60147051,16.00000000,13.00000000,13.60147051,17.41421356,17.60147051,12.04435937,15.04435937,18.01549506,19.66013248,20.98863128,20.64668464,22.62741700,24.04163056,33.12099032
20.61552813,20.80865205,16.00000000,16.36931688,17.92838828,17.60147051,19.26433752,14.63014581,16.04159458,13.35848547,4.00000000,7.41421356,4.41421356,3.00000000,0.00000000,12.64911064,12.04159458,13.60147051,29.41216525,28.17328534,28.64911064,27.68240702,28.00000000,30.46309242,20.62358627,19.20937271,16.97056275,16.27882060,14.42220510,14.76482306,12.00000000,16.00000000,17.06332420,12.64911064,15.64911064,20.00000000,22.62741700,25.62741700,26.32380758,23.32380758,34.17601498,35.77708764,42.62741700,34.40930107,32.24903099,30.41381265,31.76476035,29.15475947,32.00000000,32.60147051,19.00000000,16.00000000,16.60147051,20.41421356,20.60147051,15.04435937,18.04159458,20.27882060,22.44471882,23.85893238,23.64668464,25.62741700,27.04163056,36.12099032
12.04159458,13.00000000,16.97056275,19.20937271,21.40093456,20.62358627,23.85372088,21.18962010,22.47220505,20.61552813,12.00000000,16.00000000,17.06332420,15.64911064,12.64911064,0.00000000,3.00000000,8.09901951,38.32380758,36.92527809,35.77708764,35.35533906,34.17601498,32.00000000,20.41421356,19.00000000,16.00000000,15.00000000,12.00000000,11.06225775,20.00000000,23.32380758,26.32380758,22.62741700,25.62741700,32.24903099,34.40930107,37.40930107,38.77708764,35.77708764,46.81879964,48.33218389,54.40588203,45.25483400,42.62741700,40.65517338,42.04390484,38.88015677,44.64911064,44.00000000,31.64911064,28.64911064,28.00000000,33.06332420,32.00000000,23.53720459,24.47220505,25.94224354,28.63564213,30.04985569,30.46309242,33.24154028,34.65575384,45.67314821
15.04159458,16.00000000,19.20937271,21.21320344,23.34523506,22.62741700,25.61249695,22.36067977,23.70653918,21.54065923,12.36931688,16.36931688,16.45580814,15.04159458,12.04159458,3.00000000,0.00000000,5.09901951,35.80865205,34.41012256,33.12099032,32.75667871,31.38470965,29.00000000,17.41421356,16.00000000,13.00000000,12.00000000,9.00000000,8.06225775,17.69180601,20.80865205,23.80865205,20.61552813,23.61552813,30.87069808,32.75667871,35.75667871,37.17089227,34.53983208,45.88027899,47.16990566,52.69724851,43.24294513,40.61552813,38.61314586,40.02735942,36.36500124,44.04159458,44.36931688,31.04159458,28.04159458,28.36931688,32.45580814,32.36931688,24.35159132,25.70653918,27.45906044,30.01666204,31.43087560,31.76476035,34.47686879,35.89108235,46.48655720
20.14061409,21.09901951,23.85372088,25.61249695,27.65863337,27.01851217,29.69848481,25.80697580,27.20294102,24.69817807,15.26433752,19.26433752,17.90663606,16.49242250,13.60147051,8.09901951,5.09901951,0.00000000,32.55764119,31.14482300,29.41088234,29.20616373,27.29468813,24.12310563,12.53731919,11.12310563,8.12310563,7.12310563,4.12310563,3.00000000,15.26433752,17.69180601,20.69180601,18.78829423,21.78829423,30.08321791,31.38470965,34.38470965,35.79892321,33.95585369,45.70557953,46.60496433,51.03732522,41.01561359,37.69180601,35.49629982,36.91051338,33.24154028,45.17742799,45.85050150,32.24903099,29.27456234,30.09389301,33.66324455,34.09389301,27.34738349,29.20294102,31.24099870,33.60059523,35.01480879,35.26519877,37.97327063,39.38748419,49.44035250
49.51973332,49.88404493,45.03738012,44.40720662,45.17742799,45.27692569,45.01351105,39.01351105,40.42772461,37.01351105,33.41216525,32.38826948,29.42787794,28.63564213,29.41216525,38.32380758,35.80865205,32.55764119,0.00000000,1.41421356,5.82842712,4.41421356,9.51323307,21.44359993,25.12075274,24.73802114,26.41421356,27.02671051,29.00044201,30.41421356,19.00000000,15.00000000,13.41640786,16.76305461,13.92838828,17.46424920,13.89244399,15.62049935,17.02938637,20.02938637,28.01785145,25.94224354,23.26382436,11.31883051,7.47213596,5.23606798,6.65028154,2.23606798,36.23875908,39.50159142,29.73213749,28.86173938,32.75667871,31.01612484,34.01612484,37.05401463,40.05401463,44.05401463,44.28317965,45.39823785,44.55333882,45.12599559,46.35814922,49.71328019
48.14130259,48.64516502,43.90610986,43.28972164,44.10215414,44.18144407,44.00000000,38.00000000,39.41421356,36.00000000,32.17328534,31.25699922,28.28427125,27.45906044,28.17328534,36.92527809,34.41012256,31.14482300,1.41421356,0.00000000,4.41421356,3.00000000,8.09901951,20.02938637,23.70653918,23.32380758,25.00000000,25.61249695,27.58622845,29.00000000,17.60147051,13.60147051,12.08304597,15.52417470,12.64911064,17.00000000,13.60147051,15.55634919,16.97056275,19.97056275,28.30194340,26.40075756,24.02775638,12.08276253,8.23606798,6.00000000,7.41421356,3.00000000,36.17993546,39.44276780,29.15475947,28.16025568,32.01562119,30.46309242,33.46309242,36.12478374,39.12478374,43.12478374,43.41658669,44.55333882,43.73785546,44.38468204,45.61709170,49.24903099
47.16990566,47.75981575,44.64911064,44.04159458,45.01110974,45.00000000,45.17742799,39.20459157,40.61880513,37.21558813,32.64911064,32.00000000,29.00000000,28.04159458,28.64911064,35.77708764,33.12099032,29.41088234,5.82842712,4.41421356,0.00000000,1.41421356,4.00000000,16.00000000,20.80865205,20.61552813,22.62741700,23.34523506,25.61249695,27.02671051,16.64911064,12.64911064,12.04159458,16.00000000,13.00000000,20.00000000,16.97056275,19.21870737,20.63292093,23.63292093,32.30110398,30.56897303,28.44196994,16.49697609,12.65028154,10.41421356,11.82842712,7.41421356,39.84229364,42.62741700,31.76476035,30.46309242,34.17601498,33.12099032,36.12099032,37.65634077,40.65634077,44.65634077,45.12205669,46.32493929,45.60701700,46.48655720,47.75981575,52.15361924
46.62287805,47.19714570,43.66523548,43.05771942,44.00000000,44.01136217,44.10215414,38.11823711,39.53245067,36.12478374,31.68240702,31.01612484,28.01785145,27.07489096,27.68240702,35.35533906,32.75667871,29.20616373,4.41421356,3.00000000,1.41421356,0.00000000,5.09901951,17.02938637,21.09502311,20.80865205,22.67156810,23.34523506,25.49509757,26.90931113,16.08304597,12.08304597,11.18033989,15.03329638,12.04159458,18.60107524,15.55634919,17.80449381,19.21870737,22.21870737,30.88689042,29.15475947,27.02775638,15.08276253,11.23606798,9.00000000,10.41421356,6.00000000,38.42808008,41.22849224,30.41381265,29.15475947,32.89376841,31.76476035,34.76476035,36.49657518,39.49657518,43.49657518,43.93176527,45.12205669,44.38468204,45.22167622,46.48655720,50.77400910
45.88027899,46.57252409,44.00000000,44.36931688,45.61709170,45.60147051,45.85050150,39.90736339,41.32157695,37.93252063,32.00000000,32.60147051,29.60147051,28.36931688,28.00000000,34.17601498,31.38470965,27.29468813,9.51323307,8.09901951,4.00000000,5.09901951,0.00000000,12.00000000,17.69180601,17.69180601,20.00000000,20.80865205,23.32380758,24.73802114,16.00000000,12.00000000,12.36931688,16.60147051,13.60147051,22.62741700,20.00000000,22.47220505,23.88641861,26.62741700,35.77708764,34.17601498,32.12677589,20.18178204,16.33508749,14.09901951,15.51323307,11.09901951,42.62741700,45.25483400,33.83784863,32.24903099,35.77708764,35.22782991,38.22782991,38.60147051,41.60147051,45.60147051,46.17358552,47.43416490,46.81879964,47.92702787,49.24428901,54.40588203
44.04159458,45.00000000,45.60701700,46.48655720,48.10440326,47.75981575,49.44035250,43.89131993,45.30553349,42.06526223,34.17601498,36.12099032,33.12099032,31.76476035,30.46309242,32.00000000,29.00000000,24.12310563,21.44359993,20.02938637,16.00000000,17.02938637,12.00000000,0.00000000,12.04159458,13.00000000,16.00000000,17.00000000,20.00000000,21.41421356,20.00000000,16.97056275,19.20937271,23.62358627,20.62358627,32.24903099,30.46309242,33.24154028,34.65575384,36.24903099,46.81879964,45.60701700,44.05714275,32.11214890,28.26545435,26.02938637,27.44359993,23.02938637,52.15361924,54.40588203,41.83678971,39.83295898,42.62741700,43.25100327,46.25100327,43.56604182,46.56604182,49.72227182,51.18181493,52.51031373,52.15361924,53.82378656,55.21775077,62.46037598
32.45580814,33.41421356,34.65575384,35.85256428,37.64955542,37.19130120,39.15013809,34.51656442,35.92801319,32.98590247,23.88641861,27.04163056,24.04163056,22.62741700,20.62358627,20.41421356,17.41421356,12.53731919,25.12075274,23.70653918,20.80865205,21.09502311,17.69180601,12.04159458,0.00000000,1.41421356,4.41421356,5.41421356,8.41421356,9.82842712,13.60147051,13.00000000,16.00000000,17.60147051,17.41421356,29.60147051,29.00000000,32.00000000,33.41421356,33.60147051,45.60147051,45.00000000,46.57252409,35.11409973,31.39082745,29.15475947,30.56897303,26.40075756,47.75981575,49.24428901,35.77708764,33.12099032,35.22782991,37.19130120,39.22782991,34.67177637,37.67177637,40.16523921,42.28754948,43.61604828,43.27410164,45.25483400,46.66904756,55.21775077
31.04159458,32.00000000,33.24154028,34.43835072,36.23534186,35.77708764,37.73592453,33.10235086,34.51379963,31.57168891,22.47220505,25.62741700,22.62741700,21.21320344,19.20937271,19.00000000,16.00000000,11.12310563,24.73802114,23.32380758,20.61552813,20.80865205,17.69180601,13.00000000,1.41421356,0.00000000,3.00000000,4.00000000,7.00000000,8.41421356,12.36931688,12.04159458,15.04159458,16.36931688,16.45580814,28.36931688,28.04159458,31.04159458,32.45580814,32.36931688,44.36931688,44.04159458,45.88027899,34.53983208,30.87171011,28.63564213,30.04985569,25.94224354,46.48655720,47.92702787,34.43835072,31.76476035,33.83784863,35.85256428,37.83784863,33.25756281,36.25756281,38.75102565,40.87333592,42.20183472,41.85988808,43.84062044,45.25483400,53.82378656
28.04159458,29.00000000,30.46309242,31.76476035,33.61547263,33.12099032,35.22782991,30.63014581,32.04159458,29.43398113,20.00000000,23.62358627,20.62358627,19.20937271,16.97056275,16.00000000,13.00000000,8.12310563,26.41421356,25.00000000,22.62741700,22.67156810,20.00000000,16.00000000,4.41421356,3.00000000,0.00000000,1.00000000,4.00000000,5.41421356,12.00000000,12.64911064,15.64911064,16.00000000,17.06332420,28.00000000,28.64911064,31.64911064,33.06332420,32.00000000,44.00000000,44.64911064,46.81879964,35.77708764,32.24903099,30.01666204,31.43087560,27.45906044,45.60701700,46.81879964,33.24154028,30.46309242,32.24903099,34.65575384,36.24903099,31.25373208,34.04159458,36.27882060,38.44471882,39.85893238,39.85605735,41.83678971,43.25100327,52.15361924
27.04159458,28.00000000,29.54657341,30.88689042,32.75667871,32.24903099,34.40930107,29.83951852,31.25096729,28.64335384,19.20937271,23.01528880,20.01528880,18.60107524,16.27882060,15.00000000,12.00000000,7.12310563,27.02671051,25.61249695,23.34523506,23.34523506,20.80865205,17.00000000,5.41421356,4.00000000,1.00000000,0.00000000,3.00000000,4.41421356,12.04159458,13.00000000,16.00000000,16.03121954,17.41421356,28.01785145,28.68033018,31.68033018,33.09454374,32.01562119,44.01136217,44.66473183,47.17601498,36.23534186,32.75667871,30.52867504,31.94288860,28.01785145,45.35416188,46.48655720,32.89376841,30.08321791,31.76476035,34.30798197,35.76476035,30.64543461,33.25096729,35.48819331,37.65409153,39.06830509,39.24775988,41.22849224,42.64270580,51.62363800
24.04159458,25.00000000,26.83281573,28.30194340,30.23243292,29.68164416,32.01562119,27.60070856,29.01215733,26.40454388,16.97056275,20.97056275,18.41421356,17.00000000,14.42220510,12.00000000,9.00000000,4.12310563,29.00044201,27.58622845,25.61249695,25.49509757,23.32380758,20.00000000,8.41421356,7.00000000,4.00000000,3.00000000,0.00000000,1.41421356,12.64911064,14.42220510,17.42220510,16.49242250,18.83641866,28.28427125,29.14153314,32.14153314,33.55574670,32.24903099,44.18144407,44.89814163,48.59822008,37.74601268,34.40930107,32.20248438,33.61669794,29.83286778,44.72135955,45.61709170,32.01562119,29.12043956,30.46309242,33.42983475,34.46309242,29.04435937,31.01215733,33.24154028,35.41528157,36.82949513,37.07441508,39.62741700,41.04163056,50.12099032
23.10385233,24.06225775,26.41968963,28.01785145,30.00000000,29.41088234,31.89043744,27.65863337,29.06888371,26.46336750,17.02938637,21.02938637,18.87846276,17.46424920,14.76482306,11.06225775,8.06225775,3.00000000,30.41421356,29.00000000,27.02671051,26.90931113,24.73802114,21.41421356,9.82842712,8.41421356,5.41421356,4.41421356,1.41421356,0.00000000,13.92838828,15.81138830,18.81138830,17.72004515,20.22560186,29.42787794,30.36915579,33.36915579,34.78336935,33.37663854,45.27692569,46.02574918,49.96907614,39.13519588,35.80502758,33.60059523,35.01480879,31.24099870,45.54119015,46.35814922,32.75667871,29.83286778,31.01612484,34.17089227,35.01612484,29.11243234,31.06888371,33.24154028,35.47200795,36.88622151,37.13114146,39.74257815,41.15679171,50.58523952
30.87069808,31.38470965,28.00000000,28.36931688,29.63269005,29.60147051,30.09389301,24.35159132,25.76580488,22.47220505,16.00000000,16.60147051,13.60147051,12.36931688,12.00000000,20.00000000,17.69180601,15.26433752,19.00000000,17.60147051,16.64911064,16.08304597,16.00000000,20.00000000,13.60147051,12.36931688,12.00000000,12.04159458,12.64911064,13.92838828,0.00000000,4.00000000,7.00000000,4.00000000,7.00000000,16.00000000,16.64911064,19.64911064,21.06332420,20.00000000,32.00000000,32.64911064,36.24903099,26.62741700,24.00000000,21.80449381,23.21870737,19.55634919,34.17601498,35.77708764,22.47220505,20.00000000,22.62741700,23.88641861,26.62741700,23.70653918,26.70653918,30.18254321,31.32231229,32.65081109,32.24903099,33.83784863,35.22782991,42.62741700
34.53983208,35.11409973,32.00000000,32.36931688,33.63269005,33.60147051,34.09389301,28.35159132,29.76580488,26.47220505,20.00000000,20.60147051,17.60147051,16.36931688,16.00000000,23.32380758,20.80865205,17.69180601,15.00000000,13.60147051,12.64911064,12.08304597,12.00000000,16.97056275,13.00000000,12.04159458,12.64911064,13.00000000,14.42220510,15.81138830,4.00000000,0.00000000,3.00000000,7.41421356,4.41421356,16.60147051,16.00000000,19.00000000,20.41421356,20.60147051,32.60147051,32.00000000,34.17601498,23.32380758,20.00000000,17.80449381,19.21870737,15.55634919,36.12099032,38.22782991,25.62741700,23.62358627,26.62741700,27.04163056,30.04163056,27.70653918,30.70653918,34.18254321,35.32231229,36.65081109,36.24903099,37.83784863,39.22782991,46.25100327
37.17089227,37.53520388,33.06332420,32.45580814,33.42983475,33.41421356,33.66324455,27.72010644,29.13432000,25.74526368,21.06332420,20.41421356,17.41421356,16.45580814,17.06332420,26.32380758,23.80865205,20.69180601,13.41640786,12.08304597,12.04159458,11.18033989,12.36931688,19.20937271,16.00000000,15.04159458,15.64911064,16.00000000,17.42220510,18.81138830,7.00000000,3.00000000,0.00000000,4.41421356,1.41421356,13.60147051,13.00000000,16.00000000,17.41421356,17.60147051,29.60147051,29.00000000,31.38470965,20.80865205,17.69180601,15.55634919,16.97056275,13.60147051,33.12099032,35.22782991,22.62741700,20.62358627,23.88641861,24.04163056,27.04163056,26.41421356,29.41421356,33.41421356,33.98720851,35.25206219,34.65575384,35.85256428,37.19130120,43.25100327
32.75667871,33.12099032,28.64911064,28.04159458,29.01723626,29.00000000,29.27456234,23.34523506,24.75944862,21.37755833,16.64911064,16.00000000,13.00000000,12.04159458,12.64911064,22.62741700,20.61552813,18.78829423,16.76305461,15.52417470,16.00000000,15.03329638,16.60147051,23.62358627,17.60147051,16.36931688,16.00000000,16.03121954,16.49242250,17.72004515,4.00000000,7.41421356,4.41421356,0.00000000,3.00000000,12.00000000,12.64911064,15.64911064,17.06332420,16.00000000,28.00000000,28.64911064,32.24903099,22.62741700,20.00000000,18.02775638,19.41648784,16.55294536,30.46309242,32.24903099,19.20937271,16.97056275,20.00000000,20.62358627,23.62358627,22.13594362,25.13594362,29.13594362,29.73213749,31.01612484,30.46309242,31.76476035,33.12099032,39.83295898
35.75667871,36.12099032,31.64911064,31.04159458,32.01562119,32.00000000,32.24903099,26.30589288,27.72010644,24.33105012,19.64911064,19.00000000,16.00000000,15.04159458,15.64911064,25.62741700,23.61552813,21.78829423,13.92838828,12.64911064,13.00000000,12.04159458,13.60147051,20.62358627,17.41421356,16.45580814,17.06332420,17.41421356,18.83641866,20.22560186,7.00000000,4.41421356,1.41421356,3.00000000,0.00000000,12.36931688,12.04159458,15.04159458,16.45580814,16.36931688,28.36931688,28.04159458,30.87069808,20.61552813,17.69180601,15.62049935,17.02938637,13.89244399,31.76476035,33.83784863,21.21320344,19.20937271,22.47220505,22.62741700,25.62741700,25.00000000,28.00000000,32.00000000,32.57299495,33.83784863,33.24154028,34.43835072,35.77708764,41.83678971
40.61552813,40.61552813,32.24903099,30.87069808,31.01620880,31.38470965,30.34625323,24.47220505,25.88641861,22.47220505,24.00000000,20.00000000,17.69180601,17.69180601,20.00000000,32.24903099,30.87069808,30.08321791,17.46424920,17.00000000,20.00000000,18.60107524,22.62741700,32.24903099,29.60147051,28.36931688,28.00000000,28.01785145,28.28427125,29.42787794,16.00000000,16.60147051,13.60147051,12.00000000,12.36931688,0.00000000,4.00000000,7.00000000,7.00000000,4.00000000,16.00000000,16.64911064,24.00000000,16.64911064,16.00000000,15.13274595,16.03121954,15.81138830,20.00000000,22.62741700,12.36931688,12.00000000,16.00000000,13.60147051,16.60147051,21.58703314,24.51530134,28.44292531,28.07133770,29.01723626,28.00000000,28.36931688,29.60147051,32.24903099
43.24294513,43.43606905,35.77708764,34.53983208,34.78505426,35.11409973,34.24880950,28.24880950,29.66302306,26.24880950,26.62741700,23.32380758,20.80865205,20.61552813,22.62741700,34.40930107,32.75667871,31.38470965,13.89244399,13.60147051,16.97056275,15.55634919,20.00000000,30.46309242,29.00000000,28.04159458,28.64911064,28.68033018,29.14153314,30.36915579,16.64911064,16.00000000,13.00000000,12.64911064,12.04159458,4.00000000,0.00000000,3.00000000,4.41421356,7.41421356,16.60147051,16.00000000,20.00000000,12.64911064,12.00000000,11.18033989,12.04159458,12.08304597,23.62358627,26.62741700,16.36931688,16.00000000,20.00000000,17.60147051,20.60147051,25.49509757,28.44292531,32.38826948,32.06243908,33.01514804,32.00000000,32.36931688,33.60147051,36.24903099
46.24294513,46.43606905,38.77708764,37.17089227,37.14499055,37.54525871,35.87717669,30.60098680,32.01520036,28.60098680,29.62741700,26.32380758,23.80865205,23.61552813,25.62741700,37.40930107,35.75667871,34.38470965,15.62049935,15.55634919,19.21870737,17.80449381,22.47220505,33.24154028,32.00000000,31.04159458,31.64911064,31.68033018,32.14153314,33.36915579,19.64911064,19.00000000,16.00000000,15.64911064,15.04159458,7.00000000,3.00000000,0.00000000,1.41421356,4.41421356,13.60147051,13.00000000,17.69180601,12.04159458,12.36931688,12.08304597,12.64911064,13.60147051,20.62358627,23.88641861,16.45580814,17.06332420,21.06332420,17.41421356,20.41421356,27.26153288,30.04622480,33.82637881,33.18783970,34.09271057,33.06332420,32.45580814,33.41421356,34.65575384
46.43606905,46.24294513,37.40930107,35.75667871,35.73077699,36.13104515,34.46296313,29.18677324,30.60098680,27.18677324,29.62741700,25.62741700,23.61552813,23.80865205,26.32380758,38.77708764,37.17089227,35.79892321,17.02938637,16.97056275,20.63292093,19.21870737,23.88641861,34.65575384,33.41421356,32.45580814,33.06332420,33.09454374,33.55574670,34.78336935,21.06332420,20.41421356,17.41421356,17.06332420,16.45580814,7.00000000,4.41421356,1.41421356,0.00000000,3.00000000,12.36931688,12.04159458,17.69180601,13.00000000,13.60147051,13.41640786,13.92838828,15.00000000,19.20937271,22.47220505,15.04159458,15.64911064,19.64911064,16.00000000,19.00000000,25.84731932,28.63201124,32.41216525,31.77362614,32.67849701,31.64911064,31.04159458,32.00000000,33.24154028
43.43606905,43.24294513,34.40930107,32.75667871,32.73077699,33.13104515,31.46296313,26.18677324,27.60098680,24.18677324,26.62741700,22.62741700,20.61552813,20.80865205,23.32380758,35.77708764,34.53983208,33.95585369,20.02938637,19.97056275,23.63292093,22.21870737,26.62741700,36.24903099,33.60147051,32.36931688,32.00000000,32.01562119,32.24903099,33.37663854,20.00000000,20.60147051,17.60147051,16.00000000,16.36931688,4.00000000,7.41421356,4.41421356,3.00000000,0.00000000,12.00000000,12.64911064,20.00000000,16.00000000,16.60147051,16.41640786,16.92838828,18.00000000,16.97056275,20.00000000,12.04159458,12.64911064,16.64911064,13.00000000,16.00000000,22.84731932,25.63201124,29.41216525,28.77362614,29.67849701,28.64911064,28.04159458,29.00000000,30.46309242
53.00000000,52.69724851,42.62741700,40.64391985,39.85184426,40.64391985,37.69180601,34.04159458,34.04159458,32.04159458,36.24903099,32.24903099,30.87069808,31.38470965,34.17601498,46.81879964,45.88027899,45.70557953,28.01785145,28.30194340,32.30110398,30.88689042,35.77708764,46.81879964,45.60147051,44.36931688,44.00000000,44.01136217,44.18144407,45.27692569,32.00000000,32.60147051,29.60147051,28.00000000,28.36931688,16.00000000,16.60147051,13.60147051,12.36931688,12.00000000,0.00000000,4.00000000,16.00000000,20.00000000,22.62741700,23.43074903,23.34523506,25.80697580,12.00000000,16.00000000,17.69180601,20.00000000,24.00000000,17.69180601,20.00000000,30.29563014,32.04159458,35.00000000,33.28663395,33.61547263,32.24903099,30.87069808,31.38470965,28.00000000
55.21795312,55.00000000,45.25483400,43.27133685,43.17565184,43.61328349,41.01561359,36.66901158,37.36540216,34.66901158,38.40930107,34.40930107,32.75667871,33.12099032,35.77708764,48.33218389,47.16990566,46.60496433,25.94224354,26.40075756,30.56897303,29.15475947,34.17601498,45.60701700,45.00000000,44.04159458,44.64911064,44.66473183,44.89814163,46.02574918,32.64911064,32.00000000,29.00000000,28.64911064,28.04159458,16.64911064,16.00000000,13.00000000,12.04159458,12.64911064,4.00000000,0.00000000,12.00000000,16.97056275,20.00000000,21.09502311,20.80865205,23.70653918,16.00000000,20.00000000,20.61552813,22.62741700,26.62741700,20.80865205,23.32380758,32.92304714,35.36540216,38.32380758,36.71511950,37.12142239,35.77708764,34.53983208,35.11409973,32.00000000
63.24294513,63.24294513,54.40588203,52.69724851,52.64615789,53.04642605,51.07998288,46.10215414,47.24903099,44.10215414,46.62741700,42.62741700,40.61552813,40.61552813,42.62741700,54.40588203,52.69724851,51.03732522,23.26382436,24.02775638,28.44196994,27.02775638,32.12677589,44.05714275,46.57252409,45.88027899,46.81879964,47.17601498,48.59822008,49.96907614,36.24903099,34.17601498,31.38470965,32.24903099,30.87069808,24.00000000,20.00000000,17.69180601,17.69180601,20.00000000,16.00000000,12.00000000,0.00000000,12.00000000,16.00000000,18.02775638,17.00000000,21.02775638,28.00000000,32.00000000,30.87069808,32.24903099,36.24903099,31.38470965,34.17601498,42.54466113,45.24903099,49.01208560,47.59242284,48.10440326,46.81879964,45.88027899,46.57252409,44.00000000
55.00000000,55.21795312,48.33218389,47.16990566,47.43416490,47.75981575,46.89792014,40.89792014,42.31213370,38.89792014,38.40930107,35.77708764,33.12099032,32.75667871,34.40930107,45.25483400,43.24294513,41.01561359,11.31883051,12.08276253,16.49697609,15.08276253,20.18178204,32.11214890,35.11409973,34.53983208,35.77708764,36.23534186,37.74601268,39.13519588,26.62741700,23.32380758,20.80865205,22.62741700,20.61552813,16.64911064,12.64911064,12.04159458,13.00000000,16.00000000,20.00000000,16.97056275,12.00000000,0.00000000,4.00000000,6.08276253,5.00000000,9.08276253,30.46309242,34.17601498,28.04159458,28.64911064,32.64911064,29.00000000,32.00000000,38.14420821,41.09203595,45.03738012,44.71154972,45.66425868,44.64911064,44.04159458,45.00000000,45.60701700
52.69724851,53.00000000,46.81879964,45.88027899,46.32493929,46.57252409,45.85498646,39.85498646,41.26920002,37.85498646,36.24903099,34.17601498,31.38470965,30.87069808,32.24903099,42.62741700,40.61552813,37.69180601,7.47213596,8.23606798,12.65028154,11.23606798,16.33508749,28.26545435,31.39082745,30.87171011,32.24903099,32.75667871,34.40930107,35.80502758,24.00000000,20.00000000,17.69180601,20.00000000,17.69180601,16.00000000,12.00000000,12.36931688,13.60147051,16.60147051,22.62741700,20.00000000,16.00000000,4.00000000,0.00000000,2.23606798,1.00000000,5.23606798,32.24903099,35.77708764,28.36931688,28.00000000,32.00000000,29.60147051,32.60147051,37.33630941,40.31128874,44.28317965,44.04543109,45.01110974,44.00000000,44.36931688,45.60147051,46.81879964
50.77400910,51.10772936,45.22210559,44.38468204,44.91102315,45.12205669,44.49657518,38.49657518,39.91078874,36.49657518,34.41381265,32.57299495,29.73213749,29.15475947,30.41381265,40.65517338,38.61314586,35.49629982,5.23606798,6.00000000,10.41421356,9.00000000,14.09901951,26.02938637,29.15475947,28.63564213,30.01666204,30.52867504,32.20248438,33.60059523,21.80449381,17.80449381,15.55634919,18.02775638,15.62049935,15.13274595,11.18033989,12.08304597,13.41640786,16.41640786,23.43074903,21.09502311,18.02775638,6.08276253,2.23606798,0.00000000,1.41421356,3.00000000,32.44996148,35.84689666,27.50206283,27.07397274,31.06444913,28.73421646,31.73421646,36.12478374,39.11521443,43.10452412,43.00000000,44.01136217,43.04648650,43.43376601,44.66591964,46.65794814
52.15361924,52.47856705,46.48655720,45.60701700,46.09772229,46.32493929,45.65634077,39.65634077,41.07055433,37.65634077,35.76476035,33.83784863,31.01612484,30.46309242,31.76476035,42.04390484,40.02735942,36.91051338,6.65028154,7.41421356,11.82842712,10.41421356,15.51323307,27.44359993,30.56897303,30.04985569,31.43087560,31.94288860,33.61669794,35.01480879,23.21870737,19.21870737,16.97056275,19.41648784,17.02938637,16.03121954,12.04159458,12.64911064,13.92838828,16.92838828,23.34523506,20.80865205,17.00000000,5.00000000,1.00000000,1.41421356,0.00000000,4.41421356,32.75667871,36.23534186,28.40053642,28.01785145,32.01562119,29.63269005,32.63269005,37.21558813,40.19950248,44.18144407,44.01136217,45.00000000,44.01136217,44.38493807,45.61709170,47.16990566
49.30962407,49.67393568,44.42960780,43.73785546,44.40720662,44.55333882,44.12478374,38.12478374,39.53899730,36.12478374,33.15475947,31.78049716,28.86173938,28.16025568,29.15475947,38.88015677,36.36500124,33.24154028,2.23606798,3.00000000,7.41421356,6.00000000,11.09901951,23.02938637,26.40075756,25.94224354,27.45906044,28.01785145,29.83286778,31.24099870,19.55634919,15.55634919,13.60147051,16.55294536,13.89244399,15.81138830,12.08304597,13.60147051,15.00000000,18.00000000,25.80697580,23.70653918,21.02775638,9.08276253,5.23606798,3.00000000,4.41421356,0.00000000,34.20526275,37.47220505,28.16025568,27.45906044,31.40063694,29.41088234,32.41088234,36.00000000,39.00000000,43.00000000,43.10452412,44.18144407,43.28972164,43.76995382,45.00210745,48.06041929
47.75981575,47.17267047,35.89147315,33.13104515,31.90611227,32.75667871,29.41088234,27.60098680,26.18677324,25.63201124,32.64911064,28.64911064,28.04159458,29.00000000,32.00000000,44.64911064,44.04159458,45.17742799,36.23875908,36.17993546,39.84229364,38.42808008,42.62741700,52.15361924,47.75981575,46.48655720,45.60701700,45.35416188,44.72135955,45.54119015,34.17601498,36.12099032,33.12099032,30.46309242,31.76476035,20.00000000,23.62358627,20.62358627,19.20937271,16.97056275,12.00000000,16.00000000,28.00000000,30.46309242,32.24903099,32.44996148,32.75667871,34.20526275,0.00000000,4.00000000,13.00000000,16.00000000,16.64911064,12.04159458,12.64911064,22.84731932,24.18677324,26.40075756,24.08318916,24.04163056,22.62741700,20.61552813,20.80865205,16.00000000
46.65124496,46.00940964,34.17690496,31.38470965,29.96664813,30.87069808,27.29468813,25.88641861,24.47220505,24.51530134,32.00000000,28.00000000,28.36931688,29.60147051,32.60147051,44.00000000,44.36931688,45.85050150,39.50159142,39.44276780,42.62741700,41.22849224,45.25483400,54.40588203,49.24428901,47.92702787,46.81879964,46.48655720,45.61709170,46.35814922,35.77708764,38.22782991,35.22782991,32.24903099,33.83784863,22.62741700,26.62741700,23.88641861,22.47220505,20.00000000,16.00000000,20.00000000,32.00000000,34.17601498,35.77708764,35.84689666,36.23534186,37.47220505,4.00000000,0.00000000,13.60147051,16.60147051,16.00000000,12.36931688,12.00000000,21.58703314,22.47220505,24.18677324,21.63330765,21.41421356,20.00000000,17.69180601,17.69180601,12.00000000
36.12099032,35.75667871,25.62741700,23.64391985,23.58559833,23.98586649,21.83095189,17.04159458,18.00000000,15.04159458,19.64911064,15.64911064,15.04159458,16.00000000,19.00000000,31.64911064,31.04159458,32.24903099,29.73213749,29.15475947,31.76476035,30.41381265,33.83784863,41.83678971,35.77708764,34.43835072,33.24154028,32.89376841,32.01562119,32.75667871,22.47220505,25.62741700,22.62741700,19.20937271,21.21320344,12.36931688,16.36931688,16.45580814,15.04159458,12.04159458,17.69180601,20.61552813,30.87069808,28.04159458,28.36931688,27.50206283,28.40053642,28.16025568,13.00000000,13.60147051,0.00000000,3.00000000,7.00000000,1.41421356,4.41421356,13.29563014,16.00000000,19.41421356,17.83062142,18.34260184,17.06332420,16.45580814,17.41421356,20.62358627
33.12099032,32.75667871,22.62741700,20.64391985,20.58559833,20.98586649,18.83095189,14.04159458,15.00000000,12.04159458,16.64911064,12.64911064,12.04159458,13.00000000,16.00000000,28.64911064,28.04159458,29.27456234,28.86173938,28.16025568,30.46309242,29.15475947,32.24903099,39.83295898,33.12099032,31.76476035,30.46309242,30.08321791,29.12043956,29.83286778,20.00000000,23.62358627,20.62358627,16.97056275,19.20937271,12.00000000,16.00000000,17.06332420,15.64911064,12.64911064,20.00000000,22.62741700,32.24903099,28.64911064,28.00000000,27.07397274,28.01785145,27.45906044,16.00000000,16.60147051,3.00000000,0.00000000,4.00000000,4.41421356,7.41421356,10.29563014,13.00000000,16.76305461,16.12451550,17.02938637,16.00000000,16.36931688,17.60147051,23.62358627
