0.0,1.41421356,13.0,16.0,18.23606798,17.41421356,21.09901951,21.58703314,22.36067977,22.13594362,17.69180601,20.80865205,23.80865205,23.61552813,20.61552813,12.041594580000002,15.041594580000002,20.14061409,49.51973332,48.14130259,47.16990566,46.62287805,45.88027899,44.04159458,32.45580814,31.04159458,28.04159458,27.04159458,24.04159458,23.10385233,30.87069808,34.53983208,37.17089227,32.75667871,35.75667871,40.61552813,43.24294513,46.24294513,46.43606905,43.43606905,53.0,55.21795312,63.24294513,55.0,52.69724851,50.7740091,52.15361924,49.30962407,47.75981575,46.65124496,36.12099032,33.12099032,31.38470965,37.53520388,35.11409973,25.13594362,24.33105012,24.0,27.0,28.41421356,29.0,32.0,33.41421356,45.0
1.41421356,0.0,12.041594580000002,15.041594580000002,17.27766256,16.45580814,20.14061409,20.88061302,21.58703314,21.54065923,17.69180601,20.61552813,23.61552813,23.80865205,20.80865205,13.0,16.0,21.09901951,49.88404493,48.64516502,47.75981575,47.1971457,46.57252409,45.0,33.41421356,32.0,29.0,28.0,25.0,24.06225775,31.38470965,35.11409973,37.53520388,33.12099032,36.12099032,40.61552813,43.43606905,46.43606905,46.24294513,43.24294513,52.69724851,55.0,63.24294513,55.21795312,53.0,51.10772936,52.47856705,49.67393568,47.17267047,46.00940964,35.75667871,32.75667871,30.87069808,37.17089227,34.53983208,24.54065923,23.53720459,23.04159458,26.04159458,27.45580814,28.04159458,31.04159458,32.45580814,44.04159458
13.0,12.041594580000002,0.0,3.0,5.236067980000001,4.41421356,8.099019510000002,8.839018439999998,9.704699910000002,10.58582242,12.0,12.555096250000005,15.211193570000006,15.63068312,16.0,16.20937271,18.21320344,22.60429861,40.86271213,39.76723051,40.58578644,39.59714861,44.0,45.607017,34.65575384,33.24154028,30.241540280000002,29.241540280000002,26.241540280000002,24.99666878,28.0,32.0,31.63068312,27.39852949,30.39852949,31.683073250000003,35.68307325000001,36.71407602,36.71407602,34.40588203,41.254834,45.254834,54.40588203,48.33218389,44.33218389,42.24942136,43.33218389,40.13912526,35.13107589,34.17690496,24.63930587,22.627417,18.829103500000002,25.12929769,22.498237499999995,12.589871820000003,11.704699910000002,11.000000000000002,14.000000000000002,15.41421356,16.0,19.0,20.41421356,32.0
16.0,15.041594580000002,3.0,0.0,2.2360679800000014,1.4142135600000003,5.0990195100000015,6.602325269999994,6.912504600000002,8.602325269999994,12.36931688,11.767846370000001,14.767846370000001,16.0,16.36931688,19.20937271,21.21320344,25.60429861,43.86271213,42.76723051,43.58578644,42.59714861,44.36931688,46.4865572,35.85256428,34.43835072,31.706776759999997,30.83481743,28.2674306,27.99666878,28.36931688,32.36931688,32.0,27.76784637,30.76784637,30.520795019999998,34.520795019999994,36.13104515,35.0054425,32.69724851,39.27133685,43.27133685,52.69724851,47.16990566,45.15831053,43.70784313,44.91072573,43.13912526,32.13107589,31.38470965,22.655808719999996,20.643919849999996,16.643919849999996,22.462684799999998,19.947529269999997,10.348289709999996,8.912504600000002,8.000000000000002,11.000000000000002,12.41421356,13.000000000000002,16.0,17.41421356,29.0
18.23606798,17.27766256,5.236067980000001,2.2360679800000014,0.0,1.0,3.0,6.544003749999995,6.07106781,8.544003749999995,13.92838828,13.015621190000005,16.015621190000005,17.247774820000004,17.64131084,19.62358627,21.627417,26.01851217,44.27692569,43.18144407,44.0,43.01136217,45.6170917,48.10440326,37.64955542,36.23534186,33.23534186,32.23534186,29.23534186,28.41088234,29.617091700000003,33.6170917,33.247774820000004,29.015621190000005,32.015621190000005,30.78505426,34.785054259999995,36.54525871,35.13104515,32.64615789,39.64391985,43.17565184,52.64615789,47.4341649,45.57252409,44.12205669,45.32493929,43.55333882,31.756678710000003,29.96664813,22.98586649,20.54823484,17.0363064,22.64391985,19.85184426,10.60232527,7.810249679999998,6.08276253,9.08276253,10.48528137,11.08276253,14.08276253,15.49697609,27.08276253
17.41421356,16.45580814,4.41421356,1.4142135600000003,1.0,0.0,4.0,7.21110255,7.07106781,8.94427191,13.60147051,13.0,16.0,17.41421356,17.60147051,20.62358627,22.627417,27.01851217,45.27692569,44.18144407,45.0,44.01136217,45.60147051,47.75981575,37.1913012,35.77708764,33.12099032,32.24903099,29.68164416,29.41088234,29.60147051,33.60147051,33.41421356,29.0,32.0,31.38470965,35.11409973,37.54525871,36.13104515,33.13104515,40.64391985,43.61328349,53.04642605,47.75981575,46.57252409,45.12205669,46.32493929,44.55333882,32.75667871,30.87069808,23.98586649,20.98586649,18.0363064,23.64391985,20.64391985,11.60232527,8.60232527,7.07106781,10.07106781,11.48528137,12.07106781,15.07106781,16.48528137,28.07106781
21.09901951,20.14061409,8.099019510000002,5.0990195100000015,3.0,4.0,0.0,6.0,4.58578644,8.0,15.264337520000005,13.319362180000006,16.319362180000006,17.675592150000003,18.977260080000004,22.07926262,23.314591129999997,26.81099297,41.27692569,40.18144407,41.8505015,40.75148199,45.8505015,49.4403525,39.15013809,37.73592453,34.73592453,33.73592453,30.73592453,29.321710969999998,29.8505015,33.8505015,33.48118462,29.24903099,32.24903099,30.248809499999997,34.24880949999999,34.856325559999995,33.89792014,31.079982880000003,37.01561359,41.01561359,51.07998288,46.89792014,42.89792014,41.12205669,42.32493929,40.55333882,28.756678710000003,27.29468813,20.40008546,18.83095189,14.830951890000001,20.20696154,17.69180601,8.753711929999994,5.8309518900000015,3.162277660000001,6.162277660000001,7.485281369999999,8.16227766,11.16227766,12.57649122,24.16227766
21.58703314,20.88061302,8.839018439999998,6.602325269999994,6.544003749999995,7.21110255,6.0,0.0,1.4142135600000003,2.0,10.630145810000002,7.7703296100000045,10.770329610000005,12.126559580000002,13.892978150000001,21.056997110000005,22.29232562,25.788727460000004,38.06582314,36.97034152,37.78889745,36.80025962,39.90736339,43.89131993,34.51656442,33.10235086,30.10235086,29.10235086,27.442873830000003,27.558034980000002,23.90736339,27.90736339,27.53804651,23.305892880000002,26.305892880000002,24.248809499999997,28.248809499999997,30.33415616,28.9199426,26.102154140000003,33.4328173,36.66901158,46.10215414,40.89792014,39.36142154,37.91095414,39.11383674,37.34223627,26.29205745,25.88641861,16.77476394,14.041594580000002,10.825203850000001,16.4328173,13.88641861,4.39122272,3.4142135600000003,5.8309518900000015,7.770985060000001,9.09948386,9.18454317,12.18454317,13.59875673,24.75944862
22.36067977,21.58703314,9.704699910000002,6.912504600000002,6.07106781,7.07106781,4.58578644,1.4142135600000003,0.0,3.4142135600000003,12.041594580000002,9.184543170000005,12.184543170000005,13.540773140000002,15.304426920000001,22.471210670000005,23.70653918,27.202941020000004,38.205857879999996,37.110376259999995,37.92893219,36.940294359999996,41.32157695,45.30553349,35.92801319,34.51379963,31.51379963,30.51379963,28.857087390000004,28.972248540000002,25.32157695,29.32157695,28.95226007,24.720106440000002,27.720106440000002,25.663023059999997,29.663023059999997,30.4741909,29.55722498,27.24903099,33.57285204,37.36540216,47.24903099,42.3121337,39.50145628,38.05098888,39.25387148,37.48227101,25.685610900000004,24.47220505,16.91479868,15.0,11.0,16.57285204,14.041594580000002,4.70436986,2.0,4.416738330000001,6.359536290000001,7.68803509,7.770329609999999,10.77032961,12.18454317,23.34523506
22.13594362,21.54065923,10.58582242,8.602325269999994,8.544003749999995,8.94427191,8.0,2.0,3.4142135600000003,0.0,9.09948386,5.944271910000005,8.944271910000005,10.358485469999998,12.362316199999999,20.53720459,21.35061358,24.34312482,36.33265378,35.23717216,36.05572809,35.06709026,37.93252063,42.06526223,32.98590247,31.57168891,28.57168891,27.59834643,25.99727119,26.112432339999998,22.065262230000002,25.93252063,25.56320375,21.33105012,24.33105012,22.44043774,26.248809499999997,28.6009868,27.18677324,24.18677324,31.699647940000006,34.66901158,44.10215414,38.89792014,37.628252180000004,36.17778478,37.380667380000006,35.60906691,25.63201124,24.51530134,15.04159458,12.041594580000002,9.330038850000001,15.630233040000004,12.999172849999997,3.0,4.685873900000004,7.6689498799999996,9.301647010000003,10.630145810000002,10.63014581,13.63014581,15.04435937,25.13594362
17.69180601,17.69180601,12.0,12.36931688,13.92838828,13.60147051,15.264337520000005,10.630145810000002,12.041594580000002,9.09948386,0.0,4.0,6.116846039999999,6.116846039999999,4.0,12.0,12.36931688,15.264337520000005,32.19223892,30.95335901,31.39852949,30.40989166,32.0,34.17601498,23.88641861,22.47220505,19.51951981,18.647560480000003,16.914225220000002,17.02938637,16.0,20.0,19.843397869999997,15.781884069999997,18.429184309999997,22.92372212,26.627417,28.93561099,28.93561099,26.627417,35.30819399,38.40930107,46.627417,38.40930107,35.30819399,33.41592335,34.78676104,31.98212967,30.06800974,32.0,18.429184309999997,15.781884069999997,16.0,19.843397869999997,20.0,12.083045969999999,13.785357760000004,16.278820600000003,18.401130870000003,19.72962967,19.71319178,22.71319178,24.12740534,34.17601498
20.80865205,20.61552813,12.555096250000005,11.767846370000001,13.015621190000005,13.0,13.319362180000006,7.7703296100000045,9.184543170000005,5.944271910000005,4.0,0.0,3.0,4.41421356,6.418044290000001,16.0,16.36931688,18.977260080000004,32.27692569,31.181444069999998,32.0,31.011362169999998,32.60147051,36.12099032,27.04163056,25.627417,22.627417,21.99602116,20.39494592,20.51010707,16.60147051,20.60147051,20.41421356,16.0,19.0,20.0,23.127976999999998,25.82054092,25.627417,22.627417,32.19134795,34.40930107,42.627417,35.77708764,33.57252409,32.12205669,33.32493929,31.55333882,26.951163700000002,28.0,15.312338269999998,12.312338269999998,12.0,16.72655183,16.0,8.60232527,10.630145810000002,13.601281500000006,15.245918920000001,16.57441772,16.23247108,19.23247108,20.64668464,30.46309242
23.80865205,23.61552813,15.211193570000006,14.767846370000001,16.015621190000005,16.0,16.319362180000006,10.770329610000005,12.184543170000005,8.944271910000005,6.116846039999999,3.0,0.0,1.4142135600000003,4.41421356,15.63068312,16.0,17.675592150000003,29.27692569,28.181444069999998,29.0,28.011362169999998,29.60147051,33.12099032,24.04163056,22.627417,20.623586269999997,20.0152888,18.41421356,18.820479170000002,13.601470509999999,17.60147051,17.41421356,13.0,16.0,17.0,20.61552813,22.92372212,22.92372212,20.61552813,29.19134795,32.75667871,40.61552813,33.12099032,30.57252409,29.12205669,30.324939290000003,28.55333882,24.36931688,28.36931688,14.76784637,11.767846370000001,12.36931688,16.0,16.36931688,10.630145810000002,13.630145810000002,16.601281500000006,18.24591892,19.57441772,19.232471079999996,21.21320344,22.627417,31.76476035
23.61552813,23.80865205,15.63068312,16.0,17.247774820000004,17.41421356,17.675592150000003,12.126559580000002,13.540773140000002,10.358485469999998,6.116846039999999,4.41421356,1.4142135600000003,0.0,3.0,15.211193570000006,14.767846370000001,16.319362180000006,27.86271213,26.767230509999997,27.58578644,26.597148609999998,28.36931688,31.76476035,22.627417,21.21320344,19.209372709999997,18.60107524,17.0,17.464249200000005,12.36931688,16.36931688,16.0,11.767846370000001,14.76784637,17.0,20.61552813,22.92372212,22.92372212,20.61552813,29.38447187,33.12099032,40.61552813,32.75667871,29.19134795,27.70784313,28.910725730000003,27.13912526,25.60147051,29.60147051,15.999999999999998,13.0,13.601470509999999,17.23215363,17.60147051,12.044359370000002,15.044359370000002,17.957511470000004,19.66013248,20.98863128,20.646684639999997,22.627417,24.04163056,33.12099032
20.61552813,20.80865205,16.0,16.36931688,17.64131084,17.60147051,18.977260080000004,13.892978150000001,15.304426920000001,12.362316199999999,4.0,6.418044290000001,4.41421356,3.0,0.0,12.555096250000005,11.767846370000001,13.319362180000006,29.075392880000003,27.83651297,27.39852949,26.40989166,28.0,30.46309242,20.62358627,19.20937271,16.20937271,15.60107524,14.0,14.464249200000005,12.0,16.0,16.72655183,12.312338269999998,15.312338269999998,20.0,22.627417,25.627417,25.82054092,23.127976999999998,32.38447187,35.77708764,42.627417,34.40930107,32.19134795,30.29907731,31.669915000000003,28.86528363,28.60147051,32.60147051,19.0,16.0,16.60147051,20.23215363,20.60147051,14.997271190000001,17.048190100000003,19.541652940000002,21.663963210000002,22.99246201,22.650515369999997,25.627417,27.04163056,36.12099032
12.041594580000002,13.0,16.20937271,19.20937271,19.62358627,20.62358627,22.07926262,21.056997110000005,22.471210670000005,20.53720459,12.0,16.0,15.63068312,15.211193570000006,12.555096250000005,0.0,3.0,8.099019510000002,37.47813874,36.09970801,35.128311079999996,34.581283469999995,34.17601498,32.0,20.41421356,19.0,16.0,15.000000000000002,12.000000000000002,11.06225775,18.829103500000002,22.498237499999995,25.12929769,22.627417,24.63930587,31.683073250000003,34.40588203,36.71407602,36.71407602,35.68307325000001,44.33218389,48.33218389,54.40588203,45.254834,41.254834,39.172071470000006,40.254834,37.268029489999996,40.0,44.0,30.39852949,27.39852949,28.0,31.63068312,32.0,23.53720459,24.297268370000005,25.241540280000002,28.241540280000002,28.827326720000002,30.241540280000002,33.24154028,34.65575384,45.67314821
15.041594580000002,16.0,18.21320344,21.21320344,21.627417,22.627417,23.314591129999997,22.29232562,23.70653918,21.35061358,12.36931688,16.36931688,16.0,14.767846370000001,11.767846370000001,3.0,0.0,5.0990195100000015,34.47813874,33.09970801,32.128311079999996,31.581283469999995,31.38470965,29.0,17.41421356,16.0,13.000000000000002,12.000000000000002,9.000000000000002,8.06225775,16.61552813,19.919137550000002,22.434293080000003,20.61552813,22.627417,30.520795019999998,32.69724851,35.0054425,35.128311079999996,34.520795019999994,43.16990566,47.16990566,52.69724851,43.24294513,39.24294513,37.1601826,38.24294513,34.268029489999996,40.36931688,44.36931688,30.76784637,27.76784637,28.36931688,32.0,32.36931688,24.35061358,25.53259688,26.476868789999997,29.476868789999997,30.062655229999997,31.476868789999997,34.47686879,35.89108235,46.4865572
20.14061409,21.09901951,22.60429861,25.60429861,26.01851217,27.01851217,26.81099297,25.788727460000004,27.202941020000004,24.34312482,15.264337520000005,18.977260080000004,17.675592150000003,16.319362180000006,13.319362180000006,8.099019510000002,5.0990195100000015,0.0,29.696783080000003,28.93285106,27.029291569999998,26.482263959999997,27.29468813,24.12310563,12.53731919,11.123105630000001,8.123105630000001,7.123105630000001,4.123105630000001,2.963238239999999,14.788294229999998,17.69180601,20.20696154,18.788294229999998,20.40008546,29.95585369,31.03732522,33.60496433,34.56336975,33.95585369,42.60496433,46.60496433,51.03732522,41.01561359,37.01561359,34.932851060000004,36.01561359,31.93285106,41.8505015,45.8505015,32.24903099,29.24903099,29.8505015,33.48118462,33.8505015,27.34312482,29.028998720000004,29.973270630000002,32.97327063,33.55905707,34.97327063,37.97327063,39.38748419,49.4403525
49.51973332,49.88404493,40.86271213,43.86271213,44.27692569,45.27692569,41.27692569,38.06582314,38.205857879999996,36.33265378,32.19223892,32.27692569,29.27692569,27.86271213,29.075392880000003,37.47813874,34.47813874,29.696783080000003,0.0,1.4142135600000003,5.51323307,4.41421356,9.51323307,21.44359993,25.12075274,23.70653918,24.45825713,24.91651135,26.427182170000002,27.81636537,18.64903524,14.979901240000004,12.348841050000004,16.763054610000005,13.763054610000005,17.464249199999998,13.464249199999998,15.615172809999997,17.029386369999997,19.501591419999997,26.26385457,25.94224354,23.26382436,11.31883051,7.31883051,5.236067980000001,6.31883051,2.2360679800000014,35.50159142,39.50159142,29.08969392,28.756678710000003,32.75667871,30.50390748,33.35814922,34.31378985,36.67460042,38.205857879999996,39.94393566,40.5297221,41.94393566,44.94393566,46.35814922,49.71328019
48.14130259,48.64516502,39.76723051,42.76723051,43.18144407,44.18144407,40.18144407,36.97034152,37.110376259999995,35.23717216,30.95335901,31.181444069999998,28.181444069999998,26.767230509999997,27.83651297,36.09970801,33.09970801,28.93285106,1.4142135600000003,0.0,4.41421356,3.0,8.099019510000002,20.02938637,23.70653918,22.457069549999996,23.694325109999998,24.15257933,25.66325015,27.052433349999998,17.270604510000002,13.601470510000006,11.109961140000003,15.524174700000003,12.524174700000003,17.0,13.0,15.556349189999999,16.97056275,19.4427678,27.67806813,26.40075756,24.02775638,12.082762530000002,8.23606798,6.0,7.41421356,3.0,35.4427678,39.4427678,28.62544472,28.015621190000005,32.015621190000005,30.03965828,32.6170917,33.57273233,35.579118799999996,37.502451,39.20287814,39.78866458,41.20287814,44.20287814,45.6170917,49.24903099
47.16990566,47.75981575,40.58578644,43.58578644,44.0,45.0,41.8505015,37.78889745,37.92893219,36.05572809,31.39852949,32.0,29.0,27.58578644,27.39852949,35.128311079999996,32.128311079999996,27.029291569999998,5.51323307,4.41421356,0.0,1.4142135600000003,4.0,16.0,20.80865205,19.39443849,19.280111549999997,20.128311079999996,23.128311079999996,24.06605333,16.3751061,12.645716020000002,11.58578644,16.0,13.0,20.0,16.0,18.74099839,20.15521195,22.627417,31.777087639999998,30.56897303,28.44196994,16.49697609,12.49697609,10.41421356,11.51323307,7.41421356,38.627417,42.627417,31.530032969999997,30.158345240000003,34.15834524,32.94424653,35.18305649,35.71545638,37.60147051,41.60147051,42.17358552,43.4341649,43.34560219,46.34560219,47.75981575,52.15361924
46.62287805,47.1971457,39.59714861,42.59714861,43.01136217,44.01136217,40.75148199,36.80025962,36.940294359999996,35.06709026,30.40989166,31.011362169999998,28.011362169999998,26.597148609999998,26.40989166,34.581283469999995,31.581283469999995,26.482263959999997,4.41421356,3.0,1.4142135600000003,0.0,5.0990195100000015,17.02938637,21.09502311,19.68080955,20.694325109999998,21.15257933,22.66325015,24.052433349999998,15.812436049999999,12.08304597,10.597148609999998,15.011362169999998,12.011362169999998,18.60107524,14.90098049,17.37318554,18.787399100000002,21.528397490000003,30.67806813,29.15475947,27.02775638,15.082762530000002,11.23606798,9.0,10.41421356,6.0,37.52839749,41.22849224,30.15042283,28.88508669,32.88508669,31.56463639,33.80344635,34.44219783,36.502451,40.502451,41.074566010000005,42.33514539,42.07234364,45.07234364,46.4865572,50.7740091
45.88027899,46.57252409,44.0,44.36931688,45.6170917,45.60147051,45.8505015,39.90736339,41.32157695,37.93252063,32.0,32.60147051,29.60147051,28.36931688,28.0,34.17601498,31.38470965,27.29468813,9.51323307,8.099019510000002,4.0,5.0990195100000015,0.0,12.0,17.69180601,17.69180601,20.0,20.80865205,23.32380758,24.73802114,16.0,12.0,12.36931688,16.60147051,13.60147051,22.627417,20.0,22.47220505,23.88641861,26.627417,35.77708764,34.17601498,32.12677589,20.18178204,16.33508749,14.099019510000002,15.51323307,11.099019510000002,42.627417,45.254834,33.83784863,32.24903099,35.77708764,35.22782991,38.22782991,38.60147051,41.60147051,45.60147051,46.17358552,47.4341649,46.81879964,47.92702787,49.24428901,54.40588203
44.04159458,45.0,45.607017,46.4865572,48.10440326,47.75981575,49.4403525,43.89131993,45.30553349,42.06526223,34.17601498,36.12099032,33.12099032,31.76476035,30.46309242,32.0,29.0,24.12310563,21.44359993,20.02938637,16.0,17.02938637,12.0,0.0,12.04159458,13.0,16.0,17.0,20.0,21.41421356,20.0,16.97056275,19.209372710000004,23.62358627,20.623586270000004,32.24903099,30.46309242,33.24154028,34.65575384,36.24903099,46.81879964,45.607017,44.05714275,32.1121489,28.26545435,26.02938637,27.44359993,23.02938637,52.15361924,54.40588203,41.836789710000005,39.83295898,42.627417,43.25100327,46.25100327,43.56604182,46.56604182,49.72227182,51.18181493,52.51031373,52.15361924,53.82378656,55.21775077,62.46037598
32.45580814,33.41421356,34.65575384,35.85256428,37.64955542,37.1913012,39.15013809,34.51656442,35.92801319,32.98590247,23.88641861,27.04163056,24.04163056,22.627417,20.62358627,20.41421356,17.41421356,12.53731919,25.12075274,23.70653918,20.80865205,21.09502311,17.69180601,12.04159458,0.0,1.4142135600000003,4.41421356,5.41421356,8.41421356,9.82842712,13.60147051,13.0,16.0,17.60147051,17.41421356,29.60147051,29.0,32.0,33.41421356,33.60147051,45.60147051,45.0,46.57252409,35.11409973,31.39082745,29.15475947,30.56897303,26.40075756,47.75981575,49.24428901,35.77708764,33.12099032,35.22782991,37.1913012,39.22782991,34.67177637,37.67177637,40.16523921,42.28754948,43.61604828,43.27410164,45.254834,46.66904756,55.21775077
31.04159458,32.0,33.24154028,34.43835072,36.23534186,35.77708764,37.73592453,33.10235086,34.51379963,31.57168891,22.47220505,25.627417,22.627417,21.21320344,19.20937271,19.0,16.0,11.123105630000001,23.70653918,22.457069549999996,19.39443849,19.68080955,17.69180601,13.0,1.4142135600000003,0.0,3.0,4.0,7.0,8.41421356,12.18725695,12.041594580000002,15.041594580000002,16.18725695,16.0,28.18725695,28.04159458,31.04159458,32.0,32.18725695,44.18725695,44.04159458,45.88027899,34.53983208,30.539832079999996,28.457069549999996,29.539832079999996,25.457069549999996,46.34560219,47.92702787,34.36287408,31.706776759999997,33.82378656,35.77708764,37.81361635,33.25756281,36.25756281,38.75102565,40.87333592,42.20183472,41.85988808,43.84062044,45.254834,53.82378656
28.04159458,29.0,30.241540280000002,31.706776759999997,33.23534186,33.12099032,34.73592453,30.10235086,31.51379963,28.57168891,19.51951981,22.627417,20.623586269999997,19.209372709999997,16.20937271,16.0,13.000000000000002,8.123105630000001,24.45825713,23.694325109999998,19.280111549999997,20.694325109999998,20.0,16.0,4.41421356,3.0,0.0,1.0,4.0,5.41421356,12.0,12.649110640000004,15.649110640000004,16.000000000000004,16.607516060000002,28.000000000000004,28.649110640000004,31.649110640000004,32.60751606,32.0,41.18725695,44.64911064,46.81879964,35.77708764,31.777087639999998,29.694325109999998,30.777087639999998,26.694325109999998,43.34560219,46.81879964,33.21732913,30.217329130000003,32.15361924,34.44948276,35.18305649,31.206643899999996,33.25756281,35.75102565,37.87333592,39.20183472,38.85988808,41.83678971,43.25100327,52.15361924
27.04159458,28.0,29.241540280000002,30.83481743,32.23534186,32.24903099,33.73592453,29.10235086,30.51379963,27.59834643,18.647560480000003,21.99602116,20.0152888,18.60107524,15.60107524,15.000000000000002,12.000000000000002,7.123105630000001,24.91651135,24.15257933,20.128311079999996,21.15257933,20.80865205,17.0,5.41421356,4.0,1.0,0.0,3.0,4.41421356,12.015621189999997,13.0,15.791305329999997,16.01562119,16.62313725,28.01562119,28.66473183,31.66473183,32.62313725,32.015621190000005,40.66473183,44.66473183,47.17601498,36.23534186,32.23534186,30.15257933,31.23534186,27.15257933,42.4865572,46.4865572,32.88508669,29.88508669,31.623638,34.11724032,34.65307525,30.59834643,32.284220330000004,34.75102565,36.87333592,38.20183472,38.22849224,41.22849224,42.6427058,51.623638
24.04159458,25.0,26.241540280000002,28.2674306,29.23534186,29.68164416,30.73592453,27.442873830000003,28.857087390000004,25.99727119,16.914225220000002,20.39494592,18.41421356,17.0,14.0,12.000000000000002,9.000000000000002,4.123105630000001,26.427182170000002,25.66325015,23.128311079999996,22.66325015,23.32380758,20.0,8.41421356,7.0,4.0,3.0,0.0,1.4142135600000003,12.349189089999996,14.4222051,17.213510429999996,16.349189089999996,17.727521999999997,28.249030989999998,28.898141629999998,31.898141629999998,32.856547049999996,32.249030989999994,40.89814163,44.89814163,48.59822008,37.74601268,33.74601268,31.66325015,32.74601268,28.66325015,41.6170917,45.6170917,32.015621190000005,29.015621190000005,30.120990319999997,33.247774820000004,33.6170917,28.99727119,30.683145090000004,31.751025650000003,34.627417,35.21320344,36.627417,39.627417,41.04163056,50.12099032
23.10385233,24.06225775,24.99666878,27.99666878,28.41088234,29.41088234,29.321710969999998,27.558034980000002,28.972248540000002,26.112432339999998,17.02938637,20.51010707,18.820479170000002,17.464249200000005,14.464249200000005,11.06225775,8.06225775,2.963238239999999,27.81636537,27.052433349999998,24.06605333,24.052433349999998,24.73802114,21.41421356,9.82842712,8.41421356,5.41421356,4.41421356,1.4142135600000003,0.0,13.720045149999997,15.811388299999997,18.584366489999997,17.720045149999997,19.098378059999998,29.37663854,30.02574918,33.02574918,33.9841546,33.37663854,42.02574918,46.02574918,49.96907614,39.13519588,35.13519588,33.05243335,34.13519588,30.052433349999998,42.35814922,46.35814922,32.75667871,29.756678710000003,30.585239520000002,33.98883234,34.35814922,29.112432339999998,30.798306240000002,31.74257815,34.74257815,35.32836459,36.74257815,39.74257815,41.15679171,50.58523952
30.87069808,31.38470965,28.0,28.36931688,29.617091700000003,29.60147051,29.8505015,23.90736339,25.32157695,22.065262230000002,16.0,16.60147051,13.601470509999999,12.36931688,12.0,18.829103500000002,16.61552813,14.788294229999998,18.64903524,17.270604510000002,16.3751061,15.812436049999999,16.0,20.0,13.60147051,12.18725695,12.0,12.015621189999997,12.349189089999996,13.720045149999997,0.0,4.0,6.300194190000003,4.0000000000000036,6.01188887,16.000000000000004,16.649110640000004,19.649110640000004,20.607516060000002,20.000000000000004,32.0,32.64911064,36.24903099,26.627417,22.627417,20.54465447,21.627417,18.438925989999998,34.15834524,35.77708764,22.17561713,19.83295898,22.627417,23.58983069,26.25100327,23.566041820000002,26.566041820000002,29.722271820000003,31.18181493,32.51031373,32.15361924,33.82378656,35.22782991,42.627417
34.53983208,35.11409973,32.0,32.36931688,33.6170917,33.60147051,33.8505015,27.90736339,29.32157695,25.93252063,20.0,20.60147051,17.60147051,16.36931688,16.0,22.498237499999995,19.919137550000002,17.69180601,14.979901240000004,13.601470510000006,12.645716020000002,12.08304597,12.0,16.97056275,13.0,12.041594580000002,12.649110640000004,13.0,14.4222051,15.811388299999997,4.0,0.0,3.0,6.653023520000001,4.41421356,16.60147051,16.0,19.0,20.41421356,20.60147051,32.60147051,32.0,34.17601498,23.32380758,19.32380758,17.24104505,18.32380758,14.769791990000002,35.18305649,38.22782991,25.627416999999998,22.86239623,26.25100327,27.041630559999998,29.28044052,27.183470539999995,29.60147051,33.60147051,34.21125218,35.53975098,35.18305649,37.81361635,39.22782991,46.25100327
37.17089227,37.53520388,31.63068312,32.0,33.247774820000004,33.41421356,33.48118462,27.53804651,28.95226007,25.56320375,19.843397869999997,20.41421356,17.41421356,16.0,16.72655183,25.12929769,22.434293080000003,20.20696154,12.348841050000004,11.109961140000003,11.58578644,10.597148609999998,12.36931688,19.209372710000004,16.0,15.041594580000002,15.649110640000004,15.791305329999997,17.213510429999996,18.584366489999997,6.300194190000003,3.0,0.0,4.41421356,1.4142135600000003,13.601470509999999,13.0,16.0,17.41421356,17.60147051,29.60147051,29.0,31.38470965,20.80865205,16.80865205,14.725889519999999,15.80865205,12.138731800000002,32.94424653,35.22782991,22.627416999999998,20.62358627,23.58983069,24.041630559999998,27.041630559999998,26.23215363,29.23215363,33.23215363,33.804268640000004,35.06484802,34.44948276,35.77708764,37.1913012,43.25100327
32.75667871,33.12099032,27.39852949,27.76784637,29.015621190000005,29.0,29.24903099,23.305892880000002,24.720106440000002,21.33105012,15.781884069999997,16.0,13.0,11.767846370000001,12.312338269999998,22.627417,20.61552813,18.788294229999998,16.763054610000005,15.524174700000003,16.0,15.011362169999998,16.60147051,23.62358627,17.60147051,16.18725695,16.000000000000004,16.01562119,16.349189089999996,17.720045149999997,4.0000000000000036,6.653023520000001,4.41421356,0.0,3.0,12.0,12.64911064,15.64911064,16.607516060000002,16.0,28.0,28.64911064,32.24903099,22.627417,19.9405698,18.017330389999998,19.396940529999995,16.552945360000002,30.158345240000003,32.24903099,19.20937271,16.20937271,19.83295898,20.62358627,22.86239623,22.0,25.0,29.0,29.572115010000005,30.83269439,30.217329130000003,31.706776759999997,33.12099032,39.83295898
35.75667871,36.12099032,30.39852949,30.76784637,32.015621190000005,32.0,32.24903099,26.305892880000002,27.720106440000002,24.33105012,18.429184309999997,19.0,16.0,14.76784637,15.312338269999998,24.63930587,22.627417,20.40008546,13.763054610000005,12.524174700000003,13.0,12.011362169999998,13.60147051,20.623586270000004,17.41421356,16.0,16.607516060000002,16.62313725,17.727521999999997,19.098378059999998,6.01188887,4.41421356,1.4142135600000003,3.0,0.0,12.187256949999998,12.041594580000002,15.041594580000002,16.0,16.18725695,28.18725695,28.04159458,30.87069808,20.61552813,16.9405698,15.017330389999998,16.396940529999995,13.552945360000002,31.530032969999997,33.83784863,21.213203439999997,19.20937271,22.17561713,22.627416999999998,25.627416999999998,25.0,28.0,32.0,32.572115010000005,33.83269439,33.21732913,34.36287408,35.77708764,41.836789710000005
40.61552813,40.61552813,31.683073250000003,30.520795019999998,30.78505426,31.38470965,30.248809499999997,24.248809499999997,25.663023059999997,22.44043774,22.92372212,20.0,17.0,17.0,20.0,31.683073250000003,30.520795019999998,29.95585369,17.464249199999998,17.0,20.0,18.60107524,22.627417,32.24903099,29.60147051,28.18725695,28.000000000000004,28.01562119,28.249030989999998,29.37663854,16.000000000000004,16.60147051,13.601470509999999,12.0,12.187256949999998,0.0,4.0,6.3081939899999995,6.3081939899999995,4.0,16.0,16.64911064,24.0,16.64911064,16.0,15.06444913,16.015621190000005,15.811388299999997,20.0,22.627417,12.187256949999998,12.0,16.000000000000004,13.601470509999999,16.60147051,21.495097570000002,24.442925310000003,28.38826948,28.06243908,29.015148040000003,28.000000000000004,28.18725695,29.60147051,32.24903099
43.24294513,43.43606905,35.68307325000001,34.520795019999994,34.785054259999995,35.11409973,34.24880949999999,28.248809499999997,29.663023059999997,26.248809499999997,26.627417,23.127976999999998,20.61552813,20.61552813,22.627417,34.40588203,32.69724851,31.03732522,13.464249199999998,13.0,16.0,14.90098049,20.0,30.46309242,29.0,28.04159458,28.649110640000004,28.66473183,28.898141629999998,30.02574918,16.649110640000004,16.0,13.0,12.64911064,12.041594580000002,4.0,0.0,3.0,4.41421356,6.627417000000001,16.60147051,16.0,20.0,12.64911064,12.0,11.06444913,12.015621190000005,11.811388299999997,22.627417,26.627417,16.18725695,16.0,20.000000000000004,17.60147051,20.60147051,25.495097570000002,28.442925310000003,32.388269480000005,32.062439080000004,33.01514804,32.0,32.18725695,33.60147051,36.24903099
46.24294513,46.43606905,36.71407602,36.13104515,36.54525871,37.54525871,34.856325559999995,30.33415616,30.4741909,28.6009868,28.93561099,25.82054092,22.92372212,22.92372212,25.627417,36.71407602,35.0054425,33.60496433,15.615172809999997,15.556349189999999,18.74099839,17.37318554,22.47220505,33.24154028,32.0,31.04159458,31.649110640000004,31.66473183,31.898141629999998,33.02574918,19.649110640000004,19.0,16.0,15.64911064,15.041594580000002,6.3081939899999995,3.0,0.0,1.4142135600000003,4.41421356,13.601470509999999,13.0,17.69180601,12.04159458,12.187256949999998,12.0021943,12.514151819999995,13.58578644,20.15521195,23.88641861,16.0,16.607516060000002,20.607516060000002,17.41421356,20.41421356,26.10261363,29.05044137,32.99578554,32.66995514,33.6226641,32.60751606,32.0,33.41421356,34.65575384
46.43606905,46.24294513,36.71407602,35.0054425,35.13104515,36.13104515,33.89792014,28.9199426,29.55722498,27.18677324,28.93561099,25.627417,22.92372212,22.92372212,25.82054092,36.71407602,35.128311079999996,34.56336975,17.029386369999997,16.97056275,20.15521195,18.787399100000002,23.88641861,34.65575384,33.41421356,32.0,32.60751606,32.62313725,32.856547049999996,33.9841546,20.607516060000002,20.41421356,17.41421356,16.607516060000002,16.0,6.3081939899999995,4.41421356,1.4142135600000003,0.0,3.0,12.187256949999998,12.04159458,17.69180601,13.0,13.601470509999999,13.41640786,13.928365379999995,15.0,18.74099839,22.47220505,15.041594580000002,15.64911064,19.649110640000004,16.0,19.0,25.144208210000002,28.092035950000003,32.03738012,31.71154972,32.66425868,31.649110640000004,31.04159458,32.0,33.24154028
43.43606905,43.24294513,34.40588203,32.69724851,32.64615789,33.13104515,31.079982880000003,26.102154140000003,27.24903099,24.18677324,26.627417,22.627417,20.61552813,20.61552813,23.127976999999998,35.68307325000001,34.520795019999994,33.95585369,19.501591419999997,19.4427678,22.627417,21.528397490000003,26.627417,36.24903099,33.60147051,32.18725695,32.0,32.015621190000005,32.249030989999994,33.37663854,20.000000000000004,20.60147051,17.60147051,16.0,16.18725695,4.0,6.627417000000001,4.41421356,3.0,0.0,12.0,12.64911064,20.0,16.0,16.60147051,16.194855720000003,16.70681324,17.59732687,16.0,20.0,12.041594580000002,12.64911064,16.649110640000004,13.0,16.0,22.54466113,25.24903099,29.03738012,28.71154972,29.664258680000003,28.649110640000004,28.04159458,29.0,30.46309242
53.0,52.69724851,41.254834,39.27133685,39.64391985,40.64391985,37.01561359,33.4328173,33.57285204,31.699647940000006,35.30819399,32.19134795,29.19134795,29.38447187,32.38447187,44.33218389,43.16990566,42.60496433,26.26385457,27.67806813,31.777087639999998,30.67806813,35.77708764,46.81879964,45.60147051,44.18725695,41.18725695,40.66473183,40.89814163,42.02574918,32.0,32.60147051,29.60147051,28.0,28.18725695,16.0,16.60147051,13.601470509999999,12.187256949999998,12.0,0.0,4.0,16.0,20.0,19.777087639999998,21.67806813,20.26385457,24.67806813,12.0,16.0,16.9405698,19.9405698,22.627417,17.000000000000004,20.000000000000004,29.04159458,32.04159458,34.32380758,32.7151195,33.12142239,31.777087639999998,30.539832079999996,31.38470965,28.0
55.21795312,55.0,45.254834,43.27133685,43.17565184,43.61328349,41.01561359,36.66901158,37.36540216,34.66901158,38.40930107,34.40930107,32.75667871,33.12099032,35.77708764,48.33218389,47.16990566,46.60496433,25.94224354,26.40075756,30.56897303,29.15475947,34.17601498,45.607017,45.0,44.04159458,44.64911064,44.66473183,44.89814163,46.02574918,32.64911064,32.0,29.0,28.64911064,28.04159458,16.64911064,16.0,13.0,12.04159458,12.64911064,4.0,0.0,12.0,16.97056275,20.0,21.09502311,20.80865205,23.70653918,16.0,20.0,20.61552813,22.627417,26.627417,20.80865205,23.32380758,32.92304714,35.36540216,38.32380758,36.7151195,37.12142239,35.77708764,34.53983208,35.11409973,32.0
63.24294513,63.24294513,54.40588203,52.69724851,52.64615789,53.04642605,51.07998288,46.10215414,47.24903099,44.10215414,46.627417,42.627417,40.61552813,40.61552813,42.627417,54.40588203,52.69724851,51.03732522,23.26382436,24.02775638,28.44196994,27.02775638,32.12677589,44.05714275,46.57252409,45.88027899,46.81879964,47.17601498,48.59822008,49.96907614,36.24903099,34.17601498,31.38470965,32.24903099,30.87069808,24.0,20.0,17.69180601,17.69180601,20.0,16.0,12.0,0.0,12.0,16.0,18.02775638,17.0,21.02775638,28.0,32.0,30.87069808,32.24903099,36.24903099,31.38470965,34.17601498,42.54466113,45.24903099,49.0120856,47.59242284,48.10440326,46.81879964,45.88027899,46.57252409,44.0
55.0,55.21795312,48.33218389,47.16990566,47.4341649,47.75981575,46.89792014,40.89792014,42.3121337,38.89792014,38.40930107,35.77708764,33.12099032,32.75667871,34.40930107,45.254834,43.24294513,41.01561359,11.31883051,12.082762530000002,16.49697609,15.082762530000002,20.18178204,32.1121489,35.11409973,34.53983208,35.77708764,36.23534186,37.74601268,39.13519588,26.627417,23.32380758,20.80865205,22.627417,20.61552813,16.64911064,12.64911064,12.04159458,13.0,16.0,20.0,16.97056275,12.0,0.0,4.0,6.082762530000002,5.0,9.082762530000002,30.46309242,34.17601498,28.04159458,28.64911064,32.64911064,29.0,32.0,38.14420821,41.09203595,45.03738012,44.71154972,45.66425868,44.64911064,44.04159458,45.0,45.607017
52.69724851,53.0,44.33218389,45.15831053,45.57252409,46.57252409,42.89792014,39.36142154,39.50145628,37.628252180000004,35.30819399,33.57252409,30.57252409,29.19134795,32.19134795,41.254834,39.24294513,37.01561359,7.31883051,8.23606798,12.49697609,11.23606798,16.33508749,28.26545435,31.39082745,30.539832079999996,31.777087639999998,32.23534186,33.74601268,35.13519588,22.627417,19.32380758,16.80865205,19.9405698,16.9405698,16.0,12.0,12.187256949999998,13.601470509999999,16.60147051,19.777087639999998,20.0,16.0,4.0,0.0,2.2360679800000014,1.0,5.23606798,31.777087639999998,35.77708764,28.18725695,28.0,32.0,29.60147051,32.60147051,34.97019882,37.97019882,41.03738012,40.71154972,41.66425868,41.18725695,44.18725695,45.60147051,46.81879964
50.7740091,51.10772936,42.24942136,43.70784313,44.12205669,45.12205669,41.12205669,37.91095414,38.05098888,36.17778478,33.41592335,32.12205669,29.12205669,27.70784313,30.29907731,39.172071470000006,37.1601826,34.932851060000004,5.236067980000001,6.0,10.41421356,9.0,14.099019510000002,26.02938637,29.15475947,28.457069549999996,29.694325109999998,30.15257933,31.66325015,33.05243335,20.54465447,17.24104505,14.725889519999999,18.017330389999998,15.017330389999998,15.06444913,11.06444913,12.0021943,13.41640786,16.194855720000003,21.67806813,21.09502311,18.02775638,6.082762530000002,2.2360679800000014,0.0,1.4142135600000003,3.0,31.84689666,35.84689666,27.251706079999998,27.06444913,31.06444913,28.66591964,31.66591964,33.51973142,36.51973142,38.95461759,38.62878719,39.58149615000001,40.25170608,43.25170608,44.66591964,46.65794814
52.15361924,52.47856705,43.33218389,44.91072573,45.32493929,46.32493929,42.32493929,39.11383674,39.25387148,37.380667380000006,34.78676104,33.32493929,30.324939290000003,28.910725730000003,31.669915000000003,40.254834,38.24294513,36.01561359,6.31883051,7.41421356,11.51323307,10.41421356,15.51323307,27.44359993,30.56897303,29.539832079999996,30.777087639999998,31.23534186,32.74601268,34.13519588,21.627417,18.32380758,15.80865205,19.396940529999995,16.396940529999995,16.015621190000005,12.015621190000005,12.514151819999995,13.928365379999995,16.70681324,20.26385457,20.80865205,17.0,5.0,1.0,1.4142135600000003,0.0,4.41421356,32.23534186,36.23534186,28.202878140000003,28.015621190000005,32.015621190000005,29.617091700000003,32.6170917,34.72261402,37.72261402,40.03738012,39.71154972,40.66425868,41.20287814,44.20287814,45.6170917,47.16990566
49.30962407,49.67393568,40.13912526,43.13912526,43.55333882,44.55333882,40.55333882,37.34223627,37.48227101,35.60906691,31.98212967,31.55333882,28.55333882,27.13912526,28.86528363,37.268029489999996,34.268029489999996,31.93285106,2.2360679800000014,3.0,7.41421356,6.0,11.099019510000002,23.02938637,26.40075756,25.457069549999996,26.694325109999998,27.15257933,28.66325015,30.052433349999998,18.438925989999998,14.769791990000002,12.138731800000002,16.552945360000002,13.552945360000002,15.811388299999997,11.811388299999997,13.58578644,15.0,17.59732687,24.67806813,23.70653918,21.02775638,9.082762530000002,5.23606798,3.0,4.41421356,0.0,33.47220505,37.47220505,27.587893889999997,27.40063694,31.40063694,29.002107449999997,32.00210745,32.957748079999995,35.95101355,37.48227101,38.58789389,39.173680329999996,40.58789389,43.58789389,45.00210745,48.06041929
47.75981575,47.17267047,35.13107589,32.13107589,31.756678710000003,32.75667871,28.756678710000003,26.29205745,25.685610900000004,25.63201124,30.06800974,26.951163700000002,24.36931688,25.60147051,28.60147051,40.0,40.36931688,41.8505015,35.50159142,35.4427678,38.627417,37.52839749,42.627417,52.15361924,47.75981575,46.34560219,43.34560219,42.4865572,41.6170917,42.35814922,34.15834524,35.18305649,32.94424653,30.158345240000003,31.530032969999997,20.0,22.627417,20.15521195,18.74099839,16.0,12.0,16.0,28.0,30.46309242,31.777087639999998,31.84689666,32.23534186,33.47220505,0.0,4.0,11.982728110000004,14.638825430000004,16.3751061,10.568514550000003,12.645716020000002,22.63201124,24.15435344,25.685610900000004,22.6856109,21.271397340000004,20.6856109,19.39443849,20.80865205,16.0
