0.0,1.41421356,13.0,16.0,18.23606798,17.41421356,21.09901951,21.58703314,22.36067977,22.13594362,17.69180601,20.80865205,23.80865205,23.61552813,20.61552813,12.041594580000002,15.041594580000002,20.14061409,49.51973332,48.14130259,47.16990566,46.62287805,45.88027899,44.04159458,32.45580814,31.04159458,28.04159458,27.04159458,24.04159458,23.10385233,30.87069808,34.53983208,37.17089227,32.75667871,35.75667871,40.61552813,43.24294513,46.24294513,46.43606905,43.43606905,53.0,55.21795312,63.24294513,55.0,52.69724851,50.7740091,52.15361924,49.30962407,47.75981575,46.65124496,36.12099032,33.12099032,31.38470965,37.53520388,35.11409973,25.13594362,24.33105012,24.0,27.0,28.41421356,29.0,32.0,33.41421356,45.0
1.41421356,0.0,12.041594580000002,15.041594580000002,17.27766256,16.45580814,20.14061409,20.88061302,21.58703314,21.54065923,17.69180601,20.61552813,23.61552813,23.80865205,20.80865205,13.0,16.0,21.09901951,49.88404493,48.64516502,47.75981575,47.1971457,46.57252409,45.0,33.41421356,32.0,29.0,28.0,25.0,24.06225775,31.38470965,35.11409973,37.53520388,33.12099032,36.12099032,40.61552813,43.43606905,46.43606905,46.24294513,43.24294513,52.69724851,55.0,63.24294513,55.21795312,53.0,51.10772936,52.47856705,49.67393568,47.17267047,46.00940964,35.75667871,32.75667871,30.87069808,37.17089227,34.53983208,24.54065923,23.53720459,23.04159458,26.04159458,27.45580814,28.04159458,31.04159458,32.45580814,44.04159458
13.0,12.041594580000002,0.0,3.0,5.236067980000001,4.41421356,8.099019510000002,8.839018439999998,9.704699910000002,10.303727889999998,11.431002020000001,12.555096250000005,15.211193570000006,15.57550518,15.14392458,14.241540280000002,17.241540280000002,22.118434650000005,37.84245035,36.60357044,35.71822117,35.15555112,34.53092951,45.607017,34.65575384,33.24154028,30.241540280000002,29.241540280000002,26.241540280000002,24.827326720000002,25.607017,28.63645425,27.523531840000004,25.704766890000002,27.716655760000002,31.683073250000003,35.68307325000001,36.71407602,36.71407602,34.40588203,40.65565393,42.95840542,54.40588203,48.33218389,44.33218389,42.24942136,43.33218389,39.24942136,35.13107589,34.17690496,23.71508413,22.15685104,18.829103500000002,25.12929769,22.498237499999995,12.589871820000003,11.704699910000002,11.000000000000002,14.000000000000002,15.41421356,16.0,19.0,20.41421356,32.0
16.0,15.041594580000002,3.0,0.0,2.2360679800000014,1.4142135600000003,5.0990195100000015,6.595094369999998,6.912504600000002,8.595094369999998,12.310542220000002,11.39281802,14.04891534,14.72179685,16.02346478,16.67314821,18.438350720000003,23.315245090000005,35.85107515,35.08714313,32.71822117,32.15555112,34.4865572,46.4865572,35.85256428,34.43835072,31.438350720000003,30.438350720000003,27.438350720000003,26.024137160000002,26.4865572,29.51599445,27.27718449,24.542488659999997,26.554377529999996,30.520795019999998,34.520795019999994,35.128311079999996,35.0054425,32.69724851,37.65565393,40.69724851,52.69724851,47.16990566,43.16990566,41.08714313,42.16990566,38.08714313,32.13107589,31.38470965,21.82655043,20.44821752,16.44821752,22.12929769,19.498237499999995,10.15258738,8.912504600000002,8.000000000000002,11.000000000000002,12.41421356,13.000000000000002,16.0,17.41421356,29.0
18.23606798,17.27766256,5.236067980000001,2.2360679800000014,0.0,0.9883052799999987,2.9204848699999992,6.544003749999995,5.49444308,8.544003749999995,13.92838828,11.983412940000001,14.983412940000001,16.33964291,17.64131084,18.59038568,20.23534186,25.11223623,36.11533439,35.35140237,32.10440326,32.35140237,36.10440326,48.10440326,37.64955542,36.23534186,33.23534186,32.23534186,29.23534186,27.821128299999998,28.104403259999998,31.13384051,28.895030549999998,24.806747899999998,27.480816989999997,30.78505426,34.785054259999995,35.39257032,34.95435188,32.64615789,36.64615789,40.64615789,52.64615789,47.4341649,43.4341649,41.35140237,42.4341649,38.35140237,29.89500791,29.96664813,21.775459809999997,20.397126899999996,16.397126899999996,21.261448239999996,18.47014291,10.101496759999996,7.49444308,6.08276253,9.08276253,10.178145579999999,11.08276253,14.08276253,15.178145580000002,27.08276253
17.41421356,16.45580814,4.41421356,1.4142135600000003,0.9883052799999987,0.0,3.908790149999998,6.944271909999998,6.398493030000001,8.944271909999998,13.583800770000003,11.982728110000004,14.638825430000004,15.995055400000002,17.296723330000003,17.602080400000002,19.777087639999998,24.65398201,36.44098524,35.677053220000005,31.75981575,32.677053220000005,35.75981575,47.75981575,37.1913012,35.77708764,32.77708764,31.777087639999998,28.777087639999998,27.362874079999997,27.75981575,30.789253000000002,28.55044304,25.13239875,27.14428762,31.11070511,35.11070511,35.71822117,35.35462004,33.04642605,37.04642605,41.04642605,53.04642605,47.75981575,43.75981575,41.677053220000005,42.75981575,38.677053220000005,30.71686233,30.87069808,22.17572797,20.79739506,16.79739506,21.6617164,18.87069808,10.50176492,8.398493030000001,7.071067809999999,10.071067809999999,11.0,12.071067809999999,15.071067809999999,16.02947323,28.07106781
21.09901951,20.14061409,8.099019510000002,5.0990195100000015,2.9204848699999992,3.908790149999998,0.0,6.0,4.58578644,8.0,15.264337520000005,13.319362180000006,16.319362180000006,17.675592150000003,18.977260080000004,21.51087055,22.32427954,26.6128189,35.57908963,34.81515761,33.4403525,32.410966130000006,37.4403525,49.4403525,39.15013809,37.73592453,34.73592453,33.73592453,30.73592453,29.321710969999998,29.440352500000003,32.469789750000004,30.230979790000003,25.816766230000002,28.816766230000002,30.248809499999997,34.24880949999999,34.856325559999995,33.89792014,31.079982880000003,35.07998288,39.07998288,51.07998288,46.89792014,42.89792014,40.81515761,41.89792014,37.81515761,27.03205638,27.29468813,20.209284800000002,18.83095189,14.830951890000001,19.69527323,16.903967900000005,8.753711929999994,5.8309518900000015,3.162277660000001,6.162277660000001,7.315194049999999,8.16227766,11.16227766,12.315194050000002,24.16227766
21.58703314,20.88061302,8.839018439999998,6.595094369999998,6.544003749999995,6.944271909999998,6.0,0.0,1.4142135600000003,2.0,10.630145810000002,7.7703296100000045,10.770329610000005,12.126559580000002,13.892978150000001,20.91369959,21.72710858,24.680903880000002,29.57908963,28.815157609999996,27.89131993,26.86193356,31.89131993,43.89131993,34.51656442,33.10235086,30.10235086,29.10235086,26.10235086,25.8257909,23.89131993,26.920757180000003,24.68194722,20.26773366,23.26773366,24.248809499999997,28.248809499999997,28.856325559999995,28.410348130000003,26.102154140000003,31.816635490000003,34.11938698,46.10215414,40.89792014,36.89792014,34.81515761,35.89792014,31.815157609999996,26.29205745,25.88641861,15.231456060000003,13.853123150000002,9.990085060000002,16.290279250000005,13.88641861,4.299385470000001,3.4142135600000003,5.8309518900000015,7.770985060000001,9.09948386,8.75944862,11.75944862,12.71785404,24.75944862
22.36067977,21.58703314,9.704699910000002,6.912504600000002,5.49444308,6.398493030000001,4.58578644,1.4142135600000003,0.0,3.4142135600000003,12.041594580000002,9.184543170000005,12.184543170000005,13.540773140000002,15.304426920000001,22.32791315,23.14132214,26.095117440000003,30.99330319,30.229371169999997,29.305533490000002,28.27614712,33.30553349,45.30553349,35.92801319,34.51379963,31.51379963,30.51379963,27.51379963,27.24000446,25.305533490000002,28.334970740000003,26.09616078,21.68194722,24.68194722,25.663023059999997,29.663023059999997,30.270539119999995,29.55722498,27.24903099,31.24903099,35.24903099,47.24903099,42.3121337,38.3121337,36.22937116999999,37.3121337,33.22937116999999,25.58563733,24.47220505,16.37833291,15.0,11.0,15.86432134,13.073016010000003,4.70436986,2.0,4.416738330000001,6.359536290000001,7.68803509,7.346088449999996,10.34523506,11.30364048,23.34523506
22.13594362,21.54065923,10.303727889999998,8.595094369999998,8.544003749999995,8.944271909999998,8.0,2.0,3.4142135600000003,0.0,9.09948386,5.944271910000005,8.944271910000005,10.358485469999998,12.362316199999999,20.53720459,21.35061358,24.304408880000004,28.343385700000002,27.10450579,27.01767562,25.65648647,30.065262230000002,42.06526223,32.98590247,31.57168891,28.57168891,27.57168891,24.985046699999998,25.449295900000003,22.065262230000002,25.094699480000003,22.85588952,18.44167596,21.44167596,22.248809499999997,26.248809499999997,26.856325559999995,26.410348130000003,24.102154140000003,31.156589280000002,33.45934077,44.10215414,38.89792014,34.89792014,32.81515761,33.89792014,29.815157609999996,25.63201124,24.51530134,14.216019480000003,11.853123150000002,9.330038850000001,15.630233040000004,12.999172849999997,3.0,4.685873900000004,7.657009590000001,9.301647010000003,10.630145810000002,10.288199169999999,12.268931530000003,13.683145090000004,25.13594362
17.69180601,17.69180601,11.431002020000001,12.310542220000002,13.92838828,13.583800770000003,15.264337520000005,10.630145810000002,12.041594580000002,9.09948386,0.0,4.0,6.116846039999999,6.116846039999999,4.0,12.0,12.36931688,15.264337520000005,32.19223892,30.95335901,30.06800974,29.50533969,28.88071808,34.17601498,23.88641861,22.47220505,19.47220505,18.47220505,15.94497534,16.409224540000004,14.176014979999998,17.42229372,19.843397869999997,15.781884069999997,18.429184309999997,22.92372212,26.627417,28.93561099,28.93561099,26.627417,35.30819399,37.52614711,46.627417,38.40930107,35.30819399,33.41592335,34.78676104,31.98212967,30.06800974,32.0,18.429184309999997,15.429184309999997,16.0,19.843397869999997,20.0,12.040071359999999,13.785357760000004,16.278820600000003,18.401130870000003,19.72962967,19.387683029999998,21.368415390000003,22.782628950000003,34.17601498
20.80865205,20.61552813,12.555096250000005,11.39281802,11.983412940000001,11.982728110000004,13.319362180000006,7.7703296100000045,9.184543170000005,5.944271910000005,4.0,0.0,3.0,4.41421356,6.418044290000001,16.0,16.36931688,18.977260080000004,29.2685168,28.02963689,27.14428762,26.58161757,25.95699596,36.12099032,27.04163056,25.627417,22.627417,21.627417,19.6578979,20.122147100000003,16.120990319999997,19.150427569999998,16.919675749999996,13.149670639999997,15.505462189999996,20.0,23.127976999999998,25.82054092,25.627417,22.627417,32.19134795,34.40930107,42.627417,35.77708764,32.38447187,30.49220123,31.86303892,29.05840755,26.951163700000002,28.0,15.312338269999998,12.312338269999998,12.0,16.72655183,16.0,8.3271488,10.630145810000002,13.601281500000006,15.245918920000001,16.57441772,16.232471079999996,18.21320344,19.627417,30.46309242
23.80865205,23.61552813,15.211193570000006,14.04891534,14.983412940000001,14.638825430000004,16.319362180000006,10.770329610000005,12.184543170000005,8.944271910000005,6.116846039999999,3.0,0.0,1.4142135600000003,4.356229969999998,15.63068312,16.0,17.675592150000003,26.2685168,25.02963689,24.14428762,23.58161757,22.95699596,33.12099032,24.04163056,22.627417,20.388858889999998,19.85887765,18.356229969999998,18.820479170000002,13.120990319999997,16.150427569999998,13.919675749999996,10.493573319999996,12.505462189999996,17.0,20.61552813,22.92372212,22.92372212,20.61552813,29.19134795,31.409301069999998,40.61552813,33.12099032,29.38447187,27.49220123,28.86303892,26.05840755,24.36931688,28.36931688,14.76784637,11.767846370000001,12.36931688,16.0,16.36931688,10.630145810000002,13.630145810000002,16.601281500000006,18.24591892,19.57441772,19.232471079999996,21.21320344,22.627417,31.76476035
23.61552813,23.80865205,15.57550518,14.72179685,16.33964291,15.995055400000002,17.675592150000003,12.126559580000002,13.540773140000002,10.358485469999998,6.116846039999999,4.41421356,1.4142135600000003,0.0,3.0,14.398529490000001,14.767846370000001,16.319362180000006,26.075392880000003,24.83651297,23.951163700000002,23.38849365,22.763872040000003,31.76476035,22.627417,21.21320344,19.03262892,18.502647680000003,17.0,17.464249200000005,11.76476035,14.7941976,13.726551829999998,10.129261710000002,12.312338269999998,17.0,20.61552813,22.92372212,22.92372212,20.61552813,29.38447187,31.602424989999996,40.61552813,32.75667871,29.19134795,27.29907731,28.669915000000003,25.86528363,25.60147051,29.60147051,15.999999999999998,13.0,13.601470509999999,17.23215363,17.60147051,12.044359370000002,15.044359370000002,17.957511470000004,19.66013248,20.98863128,20.646684639999997,22.627417,24.04163056,33.12099032
20.61552813,20.80865205,15.14392458,16.02346478,17.64131084,17.296723330000003,18.977260080000004,13.892978150000001,15.304426920000001,12.362316199999999,4.0,6.418044290000001,4.356229969999998,3.0,0.0,11.77846503,11.767846370000001,13.319362180000006,29.075392880000003,27.83651297,26.951163700000002,26.38849365,25.763872040000003,30.46309242,20.62358627,19.20937271,16.20937271,15.502647680000003,14.0,14.464249200000005,10.576057600000002,14.30544768,16.72655183,12.312338269999998,15.312338269999998,20.0,22.627417,25.627417,25.82054092,22.82054092,32.38447187,34.602424989999996,42.627417,34.40930107,32.19134795,30.29907731,31.669915000000003,28.86528363,28.60147051,32.60147051,19.0,16.0,16.60147051,20.23215363,20.60147051,14.048190100000003,17.048190100000003,19.541652940000002,21.663963210000002,22.99246201,22.650515369999997,24.631247730000002,26.045461290000002,36.12099032
12.041594580000002,13.0,14.241540280000002,16.67314821,18.59038568,17.602080400000002,21.51087055,20.91369959,22.32791315,20.53720459,12.0,16.0,15.63068312,14.398529490000001,11.77846503,0.0,3.0,8.099019510000002,37.47813874,36.09970801,35.128311079999996,34.581283469999995,33.83868441,32.0,20.41421356,19.0,16.0,15.000000000000002,12.000000000000002,11.06225775,18.829103500000002,22.498237499999995,25.12929769,22.627417,24.63930587,30.40588203,34.40588203,36.71407602,36.71407602,34.40588203,40.95840542,43.176358539999995,54.40588203,45.254834,41.254834,39.172071470000006,40.254834,37.268029489999996,40.0,44.0,30.39852949,27.39852949,28.0,31.63068312,32.0,23.53720459,24.29558988,24.67314821,27.67314821,28.25893465,29.67314821,32.67314821,33.63155363,45.67314821
15.041594580000002,16.0,17.241540280000002,18.438350720000003,20.23534186,19.777087639999998,22.32427954,21.72710858,23.14132214,21.35061358,12.36931688,16.36931688,16.0,14.767846370000001,11.767846370000001,3.0,0.0,5.0990195100000015,34.47813874,33.09970801,32.128311079999996,31.581283469999995,30.83868441,29.0,17.41421356,16.0,13.000000000000002,12.000000000000002,9.000000000000002,8.06225775,16.61552813,19.919137550000002,22.434293080000003,20.61552813,22.627417,28.69724851,32.69724851,35.0054425,35.0054425,32.69724851,37.95840542,40.69724851,52.69724851,43.24294513,39.24294513,37.1601826,38.24294513,34.268029489999996,40.36931688,44.36931688,30.76784637,27.76784637,28.36931688,32.0,32.36931688,24.35061358,25.10899887,25.4865572,28.4865572,29.07234364,30.4865572,33.4865572,34.44496262,46.4865572
20.14061409,21.09901951,22.118434650000005,23.315245090000005,25.11223623,24.65398201,26.6128189,24.680903880000002,26.095117440000003,24.304408880000004,15.264337520000005,18.977260080000004,17.675592150000003,16.319362180000006,13.319362180000006,8.099019510000002,5.0990195100000015,0.0,29.696783080000003,28.93285106,27.029291569999998,26.482263959999997,25.7396649,24.12310563,12.53731919,11.123105630000001,8.123105630000001,7.123105630000001,4.123105630000001,2.963238239999999,14.788294229999998,17.69180601,20.20696154,18.788294229999998,20.40008546,27.03732522,31.03732522,33.34551921,33.34551921,31.03732522,35.03732522,39.03732522,51.03732522,41.01561359,37.01561359,34.932851060000004,36.01561359,31.93285106,41.8505015,45.8505015,32.24903099,29.24903099,29.8505015,33.48118462,33.8505015,27.304408880000004,28.062794170000004,28.440352500000003,31.440352500000003,32.02613894,33.4403525,36.4403525,37.39875792,49.4403525
49.51973332,49.88404493,37.84245035,35.85107515,36.11533439,36.44098524,35.57908963,29.57908963,30.99330319,28.343385700000002,32.19223892,29.2685168,26.2685168,26.075392880000003,29.075392880000003,37.47813874,34.47813874,29.696783080000003,0.0,1.4142135600000003,5.443599930000001,4.41421356,9.443599930000001,21.44359993,25.12075274,23.70653918,24.45825713,24.91651135,26.427182170000002,27.81636537,18.64903524,14.979901240000004,12.348841050000004,16.763054610000005,13.763054610000005,17.464249199999998,13.464249199999998,15.615172809999997,17.029386369999997,19.501591419999997,25.37519971,24.163417069999998,23.26382436,11.31883051,7.31883051,5.236067980000001,6.31883051,2.2360679800000014,35.50159142,39.50159142,29.08969392,26.08969392,29.71328019,30.50390748,32.74271744,27.57733657,29.773205440000005,33.718549610000004,33.39271921,34.345428170000005,33.71328019,36.71328019,37.67168561,49.71328019
48.14130259,48.64516502,36.60357044,35.08714313,35.35140237,35.677053220000005,34.81515761,28.815157609999996,30.229371169999997,27.10450579,30.95335901,28.02963689,25.02963689,24.83651297,27.83651297,36.09970801,33.09970801,28.93285106,1.4142135600000003,0.0,4.41421356,3.0,8.099019510000002,20.02938637,23.70653918,22.457069549999996,23.694325109999998,24.15257933,25.66325015,27.052433349999998,17.270604510000002,13.601470510000006,11.109961140000003,15.524174700000003,12.524174700000003,17.0,13.0,15.556349189999999,16.97056275,19.4427678,26.78941327,25.577630629999998,24.02775638,12.08276253,8.236067979999998,6.0,7.41421356,3.0,35.4427678,39.4427678,28.62544472,25.62544472,29.24903099,30.03965828,32.27846824,27.113087370000002,29.009273420000003,32.95461759,32.62878719,33.58149615000001,33.24903099,36.24903099,37.20743641,49.24903099
47.16990566,47.75981575,35.71822117,32.71822117,32.10440326,31.75981575,33.4403525,27.89131993,29.305533490000002,27.01767562,30.06800974,27.14428762,24.14428762,23.951163700000002,26.951163700000002,35.128311079999996,32.128311079999996,27.029291569999998,5.443599930000001,4.41421356,0.0,1.4142135600000003,4.0,16.0,20.80865205,19.39443849,19.280111549999997,20.128311079999996,23.128311079999996,24.06605333,16.3751061,12.645716020000002,10.224611870000004,14.638825430000004,11.638825430000004,20.0,16.0,18.74099839,20.15521195,22.627417,30.81879964,29.607017,28.44196994,16.49697609,12.49697609,10.41421356,11.49697609,7.41421356,38.627417,42.627417,31.530032969999997,28.530032969999997,32.15361924,32.94424653,35.18305649,30.01767562,30.776060909999998,33.72227182,35.18181493,36.51031373,36.15361924,39.15361924,40.112024659999996,52.15361924
46.62287805,47.1971457,35.15555112,32.15555112,32.35140237,32.677053220000005,32.410966130000006,26.86193356,28.27614712,25.65648647,29.50533969,26.58161757,23.58161757,23.38849365,26.38849365,34.581283469999995,31.581283469999995,26.482263959999997,4.41421356,3.0,1.4142135600000003,0.0,5.0990195100000015,17.02938637,21.09502311,19.68080955,20.694325109999998,21.15257933,22.66325015,24.052433349999998,15.812436049999999,12.08304597,9.661941820000003,14.076155380000003,11.076155380000003,18.60107524,14.60107524,17.34207363,18.756287190000002,21.22849224,29.78941327,28.577630629999998,27.02775638,15.08276253,11.236067979999998,9.0,10.41421356,6.0,37.22849224,41.22849224,30.15042283,27.15042283,30.7740091,31.56463639,33.80344635,28.63806548,29.53665545,32.692885450000006,34.152428560000004,35.480927359999995,35.12423287,37.7740091,38.73241452,50.7740091
45.88027899,46.57252409,34.53092951,34.4865572,36.10440326,35.75981575,37.4403525,31.89131993,33.30553349,30.065262230000002,28.88071808,25.95699596,22.95699596,22.763872040000003,25.763872040000003,33.83868441,30.83868441,25.7396649,9.443599930000001,8.099019510000002,4.0,5.0990195100000015,0.0,12.0,17.69180601,16.27759245,17.83868441,18.83868441,21.83868441,22.776426660000002,15.18781444,11.458424360000002,11.154878760000003,14.57292305,12.569092320000003,22.627417,18.627417,21.368415390000003,22.782628950000003,25.254834000000002,34.81879964,33.607017,32.12677589,20.18178204,16.26545435,14.099019510000002,15.443599930000001,11.099019510000002,41.254834,45.254834,33.78229576,30.78229576,34.40588203,35.196509320000004,37.43531928,32.26993841,34.56604182,37.72227182,39.18181493,40.51031373,40.15361924,41.82378656,43.21775077,54.40588203
44.04159458,45.0,45.607017,46.4865572,48.10440326,47.75981575,49.4403525,43.89131993,45.30553349,42.06526223,34.17601498,36.12099032,33.12099032,31.76476035,30.46309242,32.0,29.0,24.12310563,21.44359993,20.02938637,16.0,17.02938637,12.0,0.0,12.04159458,13.0,16.0,17.0,20.0,21.41421356,20.0,16.97056275,19.209372710000004,23.62358627,20.623586270000004,32.24903099,30.46309242,33.24154028,34.65575384,36.24903099,46.81879964,45.607017,44.05714275,32.1121489,28.26545435,26.02938637,27.44359993,23.02938637,52.15361924,54.40588203,41.836789710000005,39.83295898,42.627417,43.25100327,46.25100327,43.56604182,46.56604182,49.72227182,51.18181493,52.51031373,52.15361924,53.82378656,55.21775077,62.46037598
32.45580814,33.41421356,34.65575384,35.85256428,37.64955542,37.1913012,39.15013809,34.51656442,35.92801319,32.98590247,23.88641861,27.04163056,24.04163056,22.627417,20.62358627,20.41421356,17.41421356,12.53731919,25.12075274,23.70653918,20.80865205,21.09502311,17.69180601,12.04159458,0.0,1.4142135600000003,4.41421356,5.41421356,8.41421356,9.82842712,13.60147051,13.0,16.0,17.60147051,17.41421356,29.60147051,29.0,32.0,33.41421356,33.60147051,45.60147051,45.0,46.57252409,35.11409973,31.39082745,29.15475947,30.56897303,26.40075756,47.75981575,49.24428901,35.77708764,33.12099032,35.22782991,37.1913012,39.22782991,34.67177637,37.67177637,40.16523921,42.28754948,43.61604828,43.27410164,45.254834,46.66904756,55.21775077
31.04159458,32.0,33.24154028,34.43835072,36.23534186,35.77708764,37.73592453,33.10235086,34.51379963,31.57168891,22.47220505,25.627417,22.627417,21.21320344,19.20937271,19.0,16.0,11.123105630000001,23.70653918,22.457069549999996,19.39443849,19.68080955,16.27759245,13.0,1.4142135600000003,0.0,3.0,4.0,7.0,8.41421356,12.18725695,11.704264010000003,14.58578644,16.18725695,16.0,28.18725695,27.58578644,30.58578644,32.0,32.18725695,44.18725695,43.58578644,45.88027899,34.53983208,30.539832079999996,28.457069549999996,29.539832079999996,25.457069549999996,46.34560219,47.92702787,34.36287408,31.706776759999997,33.82378656,35.77708764,37.81361635,33.25756281,36.25756281,38.75102565,40.87333592,42.20183472,41.85988808,43.84062044,45.254834,53.82378656
28.04159458,29.0,30.241540280000002,31.438350720000003,33.23534186,32.77708764,34.73592453,30.10235086,31.51379963,28.57168891,19.47220505,22.627417,20.388858889999998,19.03262892,16.20937271,16.0,13.000000000000002,8.123105630000001,24.45825713,23.694325109999998,19.280111549999997,20.694325109999998,17.83868441,16.0,4.41421356,3.0,0.0,1.0,4.0,5.41421356,11.041712000000004,12.642784660000004,15.43408999,14.56976865,15.948101560000001,25.18725695,26.81879964,29.12699363,29.12699363,29.18725695,41.18725695,40.58578644,46.81879964,35.77708764,31.777087639999998,29.694325109999998,30.777087639999998,26.694325109999998,43.34560219,46.81879964,33.21732913,30.217329130000003,32.15361924,34.44948276,35.18305649,30.257562810000003,33.25756281,35.75102565,37.87333592,39.20183472,38.85988808,40.84062044,42.254834,52.15361924
27.04159458,28.0,29.241540280000002,30.438350720000003,32.23534186,31.777087639999998,33.73592453,29.10235086,30.51379963,27.57168891,18.47220505,21.627417,19.85887765,18.502647680000003,15.502647680000003,15.000000000000002,12.000000000000002,7.123105630000001,24.91651135,24.15257933,20.128311079999996,21.15257933,18.83868441,17.0,5.41421356,4.0,1.0,0.0,3.0,4.41421356,10.926983989999997,13.0,15.791305329999997,14.926983989999997,16.305316899999998,24.18725695,27.176014979999998,29.484208969999997,29.484208969999997,28.18725695,40.18725695,39.58578644,47.17601498,36.23534186,32.23534186,30.15257933,31.23534186,27.15257933,42.4865572,46.4865572,32.88508669,29.88508669,31.623638,34.11724032,34.65307525,29.48769438,32.25756281,34.75102565,36.87333592,38.20183472,37.85988808,39.84062044,41.254834,51.623638
24.04159458,25.0,26.241540280000002,27.438350720000003,29.23534186,28.777087639999998,30.73592453,26.10235086,27.51379963,24.985046699999998,15.94497534,19.6578979,18.356229969999998,17.0,14.0,12.000000000000002,9.000000000000002,4.123105630000001,26.427182170000002,25.66325015,23.128311079999996,22.66325015,21.83868441,20.0,8.41421356,7.0,4.0,3.0,0.0,1.4142135600000003,12.349189089999996,14.4222051,17.213510429999996,16.349189089999996,17.727521999999997,24.598220079999997,28.598220079999997,30.906414069999997,30.906414069999997,28.598220079999997,37.18725695,36.59822008,48.59822008,37.74601268,33.74601268,31.66325015,32.74601268,28.66325015,41.6170917,45.6170917,32.015621190000005,29.015621190000005,30.120990319999997,33.247774820000004,33.6170917,27.985046699999998,29.257562810000003,31.751025650000003,33.87333592,35.20183472,34.85988808,37.12099032,38.254834,50.12099032
23.10385233,24.06225775,24.827326720000002,26.024137160000002,27.821128299999998,27.362874079999997,29.321710969999998,25.8257909,27.24000446,25.449295900000003,16.409224540000004,20.122147100000003,18.820479170000002,17.464249200000005,14.464249200000005,11.06225775,8.06225775,2.963238239999999,27.81636537,27.052433349999998,24.06605333,24.052433349999998,22.776426660000002,21.41421356,9.82842712,8.41421356,5.41421356,4.41421356,1.4142135600000003,0.0,13.720045149999997,15.811388299999997,18.584366489999997,17.720045149999997,19.098378059999998,25.96907614,29.96907614,32.27727013,32.27727013,29.96907614,35.77304339,37.96907614,49.96907614,39.13519588,35.13519588,33.05243335,34.13519588,30.052433349999998,42.35814922,46.35814922,32.75667871,29.756678710000003,30.585239520000002,33.98883234,34.35814922,28.449295900000003,29.207681190000002,30.336812090000002,32.58523952,33.78762116,34.58523952,37.58523952,38.54364494,50.58523952
30.87069808,31.38470965,25.607017,26.4865572,28.104403259999998,27.75981575,29.440352500000003,23.89131993,25.305533490000002,22.065262230000002,14.176014979999998,16.120990319999997,13.120990319999997,11.76476035,10.576057600000002,18.829103500000002,16.61552813,14.788294229999998,18.64903524,17.270604510000002,16.3751061,15.812436049999999,15.18781444,20.0,13.60147051,12.18725695,11.041712000000004,10.926983989999997,12.349189089999996,13.720045149999997,0.0,3.729390079999998,6.300194190000003,4.0,6.01188887,15.999999999999998,16.24903099,18.55722498,19.81274305,20.0,32.0,31.39852949,36.24903099,26.627417,22.627417,20.54465447,21.627417,18.438925989999998,34.15834524,35.77708764,22.17561713,19.83295898,22.627417,23.58983069,26.25100327,23.566041820000002,26.566041820000002,29.722271820000003,31.18181493,32.51031373,32.15361924,33.82378656,35.21775077,42.627417
34.53983208,35.11409973,28.63645425,29.51599445,31.13384051,30.789253000000002,32.469789750000004,26.920757180000003,28.334970740000003,25.094699480000003,17.42229372,19.150427569999998,16.150427569999998,14.7941976,14.30544768,22.498237499999995,19.919137550000002,17.69180601,14.979901240000004,13.601470510000006,12.645716020000002,12.08304597,11.458424360000002,16.97056275,13.0,11.704264010000003,12.642784660000004,13.0,14.4222051,15.811388299999997,3.729390079999998,0.0,3.0,6.653023520000001,4.41421356,16.60147051,16.0,19.0,20.41421356,20.60147051,32.60147051,32.0,34.17601498,23.32380758,19.32380758,17.24104505,18.32380758,14.769791990000002,35.18305649,38.22782991,25.627416999999998,22.86239623,26.25100327,27.041630559999998,29.28044052,26.595479070000003,29.595479070000003,32.751709070000004,34.21125218,35.53975098,35.18305649,36.85322381,38.24718802,46.25100327
37.17089227,37.53520388,27.523531840000004,27.27718449,28.895030549999998,28.55044304,30.230979790000003,24.68194722,26.09616078,22.85588952,19.843397869999997,16.919675749999996,13.919675749999996,13.726551829999998,16.72655183,25.12929769,22.434293080000003,20.20696154,12.348841050000004,11.109961140000003,10.224611870000004,9.661941820000003,11.154878760000003,19.209372710000004,16.0,14.58578644,15.43408999,15.791305329999997,17.213510429999996,18.584366489999997,6.300194190000003,3.0,0.0,4.41421356,1.4142135600000003,13.601470509999999,13.0,16.0,17.41421356,17.60147051,29.60147051,29.0,31.38470965,20.80865205,16.80865205,14.725889519999999,15.80865205,12.138731800000002,32.94424653,35.22782991,22.627416999999998,20.62358627,23.41804429,24.041630559999998,27.041630559999998,24.356669110000002,27.356669110000002,30.512899110000003,31.97244222,33.300941019999996,32.94424653,34.614413850000005,36.00837806,43.25100327
32.75667871,33.12099032,25.704766890000002,24.542488659999997,24.806747899999998,25.13239875,25.816766230000002,20.26773366,21.68194722,18.44167596,15.781884069999997,13.149670639999997,10.493573319999996,10.129261710000002,12.312338269999998,22.627417,20.61552813,18.788294229999998,16.763054610000005,15.524174700000003,14.638825430000004,14.076155380000003,14.57292305,23.62358627,17.60147051,16.18725695,14.56976865,14.926983989999997,16.349189089999996,17.720045149999997,4.0,6.653023520000001,4.41421356,0.0,3.0,12.0,12.249030990000001,14.55722498,15.812743050000002,16.0,28.0,27.39852949,32.24903099,22.627417,19.9405698,18.017330389999998,19.396940529999995,16.552945360000002,30.158345240000003,32.24903099,19.20937271,16.20937271,19.83295898,20.62358627,22.86239623,19.942455550000002,22.942455550000002,26.098685550000003,27.55822866,28.88672746,28.530032969999997,30.20020029,31.5941645,39.83295898
35.75667871,36.12099032,27.716655760000002,26.554377529999996,27.480816989999997,27.14428762,28.816766230000002,23.26773366,24.68194722,21.44167596,18.429184309999997,15.505462189999996,12.505462189999996,12.312338269999998,15.312338269999998,24.63930587,22.627417,20.40008546,13.763054610000005,12.524174700000003,11.638825430000004,11.076155380000003,12.569092320000003,20.623586270000004,17.41421356,16.0,15.948101560000001,16.305316899999998,17.727521999999997,19.098378059999998,6.01188887,4.41421356,1.4142135600000003,3.0,0.0,12.187256949999998,11.58578644,14.58578644,16.0,16.18725695,28.18725695,27.58578644,30.87069808,20.61552813,16.9405698,15.017330389999998,16.396940529999995,13.552945360000002,31.530032969999997,33.83784863,21.213203439999997,19.20937271,22.00383073,22.627416999999998,25.627416999999998,22.942455550000002,25.942455550000002,29.098685550000003,30.55822866,31.88672746,31.530032969999997,33.20020029,34.594164500000005,41.836789710000005
40.61552813,40.61552813,31.683073250000003,30.520795019999998,30.78505426,31.11070511,30.248809499999997,24.248809499999997,25.663023059999997,22.248809499999997,22.92372212,20.0,17.0,17.0,20.0,30.40588203,28.69724851,27.03732522,17.464249199999998,17.0,20.0,18.60107524,22.627417,32.24903099,29.60147051,28.18725695,25.18725695,24.18725695,24.598220079999997,25.96907614,15.999999999999998,16.60147051,13.601470509999999,12.0,12.187256949999998,0.0,4.0,6.3081939899999995,6.3081939899999995,4.0,16.0,15.398529490000001,24.0,16.64911064,14.56976865,14.40891715,14.920874669999996,15.811388299999997,19.904588249999996,22.627417,11.62544472,12.0,16.000000000000004,13.039658280000001,15.35088936,21.495097570000002,24.442925310000003,28.38826948,28.06243908,29.015148040000003,28.000000000000004,27.39248394,28.35088936,32.24903099
43.24294513,43.43606905,35.68307325000001,34.520795019999994,34.785054259999995,35.11070511,34.24880949999999,28.248809499999997,29.663023059999997,26.248809499999997,26.627417,23.127976999999998,20.61552813,20.61552813,22.627417,34.40588203,32.69724851,31.03732522,13.464249199999998,13.0,16.0,14.60107524,18.627417,30.46309242,29.0,27.58578644,26.81879964,27.176014979999998,28.598220079999997,29.96907614,16.24903099,16.0,13.0,12.249030990000001,11.58578644,4.0,0.0,3.0,4.41421356,6.627417000000001,16.60147051,16.0,20.0,12.64911064,10.56976865,10.40891715,10.920874669999996,11.811388299999997,22.627417,26.627417,15.62544472,16.0,20.000000000000004,17.03965828,19.35088936,25.495097570000002,28.442925310000003,32.388269480000005,32.062439080000004,33.01514804,32.0,31.39248394,32.35088936,36.24903099
46.24294513,46.43606905,36.71407602,35.128311079999996,35.39257032,35.71822117,34.856325559999995,28.856325559999995,30.270539119999995,26.856325559999995,28.93561099,25.82054092,22.92372212,22.92372212,25.627417,36.71407602,35.0054425,33.34551921,15.615172809999997,15.556349189999999,18.74099839,17.34207363,21.368415390000003,33.24154028,32.0,30.58578644,29.12699363,29.484208969999997,30.906414069999997,32.27727013,18.55722498,19.0,16.0,14.55722498,14.58578644,6.3081939899999995,3.0,0.0,1.4142135600000003,4.192661420000004,13.601470509999999,13.0,17.69180601,12.04159458,12.163045799999999,12.0021943,12.514151819999995,13.58578644,19.88641861,23.88641861,16.0,16.607516060000002,20.607516060000002,16.95840542,19.95840542,26.10261363,29.05044137,32.99578554,32.66995514,33.6226641,32.60751606,32.0,32.95840542,34.65575384
46.43606905,46.24294513,36.71407602,35.0054425,34.95435188,35.35462004,33.89792014,28.410348130000003,29.55722498,26.410348130000003,28.93561099,25.627417,22.92372212,22.92372212,25.82054092,36.71407602,35.0054425,33.34551921,17.029386369999997,16.97056275,20.15521195,18.756287190000002,22.782628950000003,34.65575384,33.41421356,32.0,29.12699363,29.484208969999997,30.906414069999997,32.27727013,19.81274305,20.41421356,17.41421356,15.812743050000002,16.0,6.3081939899999995,4.41421356,1.4142135600000003,0.0,3.0,12.187256949999998,11.58578644,17.69180601,13.0,13.57725936,13.41640786,13.928365379999995,15.0,18.47220505,22.47220505,15.041594580000002,15.64911064,19.649110640000004,16.0,19.0,25.144208210000002,28.092035950000003,32.03738012,31.71154972,32.66425868,31.649110640000004,31.04159458,32.0,33.24154028
43.43606905,43.24294513,34.40588203,32.69724851,32.64615789,33.04642605,31.079982880000003,26.102154140000003,27.24903099,24.102154140000003,26.627417,22.627417,20.61552813,20.61552813,22.82054092,34.40588203,32.69724851,31.03732522,19.501591419999997,19.4427678,22.627417,21.22849224,25.254834000000002,36.24903099,33.60147051,32.18725695,29.18725695,28.18725695,28.598220079999997,29.96907614,20.0,20.60147051,17.60147051,16.0,16.18725695,4.0,6.627417000000001,4.192661420000004,3.0,0.0,12.0,11.781884069999997,20.0,16.0,16.355707220000003,16.194855720000003,16.70681324,17.59732687,16.0,20.0,12.041594580000002,12.64911064,16.649110640000004,13.0,16.0,22.54466113,25.24903099,29.03738012,28.71154972,29.664258680000003,28.649110640000004,28.04159458,29.0,30.46309242
53.0,52.69724851,40.65565393,37.65565393,36.64615789,37.04642605,35.07998288,31.816635490000003,31.24903099,31.156589280000002,35.30819399,32.19134795,29.19134795,29.38447187,32.38447187,40.95840542,37.95840542,35.03732522,25.37519971,26.78941327,30.81879964,29.78941327,34.81879964,46.81879964,45.60147051,44.18725695,41.18725695,40.18725695,37.18725695,35.77304339,32.0,32.60147051,29.60147051,28.0,28.18725695,16.0,16.60147051,13.601470509999999,12.187256949999998,12.0,0.0,4.0,16.0,20.0,19.777087639999998,20.78941327,20.23534186,23.78941327,12.0,16.0,16.9405698,19.9405698,21.82655043,15.526356239999998,18.176014979999998,28.156589280000002,29.24903099,33.0120856,31.592422839999998,32.10440326,30.81879964,29.88027899,30.57252409,28.0
55.21795312,55.0,42.95840542,40.69724851,40.64615789,41.04642605,39.07998288,34.11938698,35.24903099,33.45934077,37.52614711,34.40930107,31.409301069999998,31.602424989999996,34.602424989999996,43.176358539999995,40.69724851,39.03732522,24.163417069999998,25.577630629999998,29.607017,28.577630629999998,33.607017,45.607017,45.0,43.58578644,40.58578644,39.58578644,36.59822008,37.96907614,31.39852949,32.0,29.0,27.39852949,27.58578644,15.398529490000001,16.0,13.0,11.58578644,11.781884069999997,4.0,0.0,12.0,16.97056275,17.34156265,19.577630629999998,18.163417069999998,22.577630629999998,16.0,20.0,19.243321289999997,22.243321289999997,24.24903099,19.38470965,22.176014979999998,30.54466113,33.24903099,37.0120856,35.59242284,36.10440326,34.81879964,33.88027899,34.57252409,32.0
63.24294513,63.24294513,54.40588203,52.69724851,52.64615789,53.04642605,51.07998288,46.10215414,47.24903099,44.10215414,46.627417,42.627417,40.61552813,40.61552813,42.627417,54.40588203,52.69724851,51.03732522,23.26382436,24.02775638,28.44196994,27.02775638,32.12677589,44.05714275,46.57252409,45.88027899,46.81879964,47.17601498,48.59822008,49.96907614,36.24903099,34.17601498,31.38470965,32.24903099,30.87069808,24.0,20.0,17.69180601,17.69180601,20.0,16.0,12.0,0.0,12.0,16.0,18.02775638,17.0,21.02775638,28.0,32.0,30.87069808,32.24903099,36.24903099,31.38470965,34.17601498,42.54466113,45.24903099,49.0120856,47.59242284,48.10440326,46.81879964,45.88027899,46.57252409,44.0
55.0,55.21795312,48.33218389,47.16990566,47.4341649,47.75981575,46.89792014,40.89792014,42.3121337,38.89792014,38.40930107,35.77708764,33.12099032,32.75667871,34.40930107,45.254834,43.24294513,41.01561359,11.31883051,12.08276253,16.49697609,15.08276253,20.18178204,32.1121489,35.11409973,34.53983208,35.77708764,36.23534186,37.74601268,39.13519588,26.627417,23.32380758,20.80865205,22.627417,20.61552813,16.64911064,12.64911064,12.04159458,13.0,16.0,20.0,16.97056275,12.0,0.0,4.0,6.08276253,5.0,9.08276253,30.46309242,34.17601498,28.04159458,28.64911064,32.64911064,29.0,32.0,38.14420821,41.09203595,45.03738012,44.71154972,45.66425868,44.64911064,44.04159458,45.0,45.607017
52.69724851,53.0,44.33218389,43.16990566,43.4341649,43.75981575,42.89792014,36.89792014,38.3121337,34.89792014,35.30819399,32.38447187,29.38447187,29.19134795,32.19134795,41.254834,39.24294513,37.01561359,7.31883051,8.236067979999998,12.49697609,11.236067979999998,16.26545435,28.26545435,31.39082745,30.539832079999996,31.777087639999998,32.23534186,33.74601268,35.13519588,22.627417,19.32380758,16.80865205,19.9405698,16.9405698,14.56976865,10.56976865,12.163045799999999,13.57725936,16.355707220000003,19.777087639999998,17.34156265,16.0,4.0,0.0,2.2360679800000014,1.0,5.236067979999998,31.777087639999998,35.77708764,26.19521337,24.64911064,28.649110640000004,27.60942693,29.848236890000003,34.14420821,37.09203595,41.03738012,40.71154972,41.66425868,40.64911064,40.04159458,41.0,46.81879964
50.7740091,51.10772936,42.24942136,41.08714313,41.35140237,41.677053220000005,40.81515761,34.81515761,36.22937116999999,32.81515761,33.41592335,30.49220123,27.49220123,27.29907731,30.29907731,39.172071470000006,37.1601826,34.932851060000004,5.236067980000001,6.0,10.41421356,9.0,14.099019510000002,26.02938637,29.15475947,28.457069549999996,29.694325109999998,30.15257933,31.66325015,33.05243335,20.54465447,17.24104505,14.725889519999999,18.017330389999998,15.017330389999998,14.40891715,10.40891715,12.0021943,13.41640786,16.194855720000003,20.78941327,19.577630629999998,18.02775638,6.08276253,2.2360679800000014,0.0,1.4142135600000003,3.0,31.84689666,35.84689666,26.03436187,23.03436187,26.657948140000002,27.44857543,29.687385390000003,32.061445680000006,35.00927342,38.95461759,38.62878719,39.58149615000001,38.56634811000001,37.95883205,38.91723747,46.65794814
52.15361924,52.47856705,43.33218389,42.16990566,42.4341649,42.75981575,41.89792014,35.89792014,37.3121337,33.89792014,34.78676104,31.86303892,28.86303892,28.669915000000003,31.669915000000003,40.254834,38.24294513,36.01561359,6.31883051,7.41421356,11.49697609,10.41421356,15.443599930000001,27.44359993,30.56897303,29.539832079999996,30.777087639999998,31.23534186,32.74601268,34.13519588,21.627417,18.32380758,15.80865205,19.396940529999995,16.396940529999995,14.920874669999996,10.920874669999996,12.514151819999995,13.928365379999995,16.70681324,20.23534186,18.163417069999998,17.0,5.0,1.0,1.4142135600000003,0.0,4.41421356,32.23534186,36.23534186,26.546319389999997,23.64911064,27.649110640000004,27.960532949999997,30.19934291,33.14420821,36.09203595,40.03738012,39.71154972,40.66425868,39.64911064,39.04159458,40.0,47.16990566
